1.1638
0.95555
1.4546
1.6986
1.3028
1.4319
1.2352
1.928
1.9373
1.5799
1.8578
1.2983
1.5749
0.90605
1.4219
1.5674
1.0964
1.4639
1.2322
1.28
1.3848
1.349
1.7211
1.2444
1.2667
1.364
1.0586
1.1303
1.873
1.0621
1.2066
1.2645
1.0841
1.6628
1.2504
1.5431
1.4572
0.81417
2.0534
1.7055
1.9512
1.9566
1.9693
1.9335
1.8846
1.8835
2.1696
1.7816
1.854
1.9192
1.7981
1.8838
1.8456
2.0888
1.9792
1.9666
2.0389
2.1944
2.034
1.8738
2.0745
2.0306
1.4862
1.9364
2.1839
1.8906
1.903
1.8295
1.7607
2.1045
2.0465
1.6297
2.1811
1.9309
1.832
2.0025
1.9988
2.2342
2.0105
2.0469
2.0535
1.8686
2.1454
2.046
1.945
1.9664
1.8844
1.9647
2.0584
1.9903
2.1325
2.0803
2.1366
1.9551
1.8571
2.2384
2.1144
1.9874
1.8947
2.149
1.8702
2.0453
1.9046
0.88617
1.7803
1.6314
1.7184
1.7571
1.1862
1.4272
1.3286
1.8314
1.3786
1.7166
1.5406
1.3874
1.7323
1.3979
1.5012
1.6319
1.3465
1.7852
1.3582
0.59198
1.4838
1.0533
1.6279
0.64857
1.3471
1.0843
1.787
1.6155
1.583
1.2699
-0.71756
1.2901
0.83411
1.8277
0.8989
1.7076
-0.78633
1.366
1.6144
-0.98481
1.7553
1.7573
1.7119
1.8145
1.9959
2.0754
1.8302
1.0005
1.8898
2.0814
2.121
1.8734
1.626
1.659
1.3834
1.8314
1.7094
1.7194
1.7565
1.6766
1.683
1.8269
1.6582
1.5575
1.6474
1.4173
-0.04003
1.7282
1.7612
1.6221
1.6318
1.7801
1.7918
1.6947
1.6639
1.6809
1.7688
1.901
1.8046
1.855
1.7072
1.2684
1.6413
1.5898
1.619
1.6639
1.5429
1.6945
1.7189
1.1896
1.2048
1.6108
1.7853
1.727
1.7858
2.1917
1.5821
1.5659
1.7255
1.764
1.4736
1.5433
1.8552
1.7856
1.5526
1.1638,-1.7581,-0.31495,0.28387,-0.6779,0.47018
0.95555,-1.4896,-0.49906,-0.099143,-0.67445,1.4144
1.4546,-0.73515,-0.073602,-0.6189,-0.7897,1.3915
1.6986,-1.2686,-0.37551,0.99682,-0.31916,-0.34484
1.3028,-1.3386,-0.55516,-0.1014,-0.67417,1.3173
1.4319,-1.8199,0.056708,0.62822,-0.46153,0.001474
1.2352,-1.7966,-0.062241,0.41659,-0.76733,0.53973
1.928,-1.1381,-0.58318,0.056551,-0.73121,0.22585
1.9373,-1.0947,-0.42304,-0.1655,-0.82344,0.31656
1.5799,-1.7751,-0.13612,0.28206,-0.37217,0.093242
1.8578,-1.2863,-0.3381,0.062704,-0.19952,0.5563
1.2983,-1.615,0.082606,-0.51777,-0.49832,0.17703
1.5749,-1.3772,-0.80793,0.42683,-0.65487,0.35693
0.90605,-2.075,-0.28446,0.34709,-0.019379,0.42448
1.4219,-1.7233,-0.52233,0.28315,-0.41498,0.36212
1.5674,-1.6452,-0.3859,0.23901,-0.45924,0.64676
1.0964,-1.7286,-0.52935,0.075671,-0.43412,1.0603
1.4639,-1.3117,-0.83607,-0.48548,-0.23891,0.42747
1.2322,-1.9909,-0.16637,0.19763,-0.16856,0.3442
1.28,-1.6501,-0.73167,0.30504,-0.42465,0.40536
1.3848,-1.7739,-0.063955,0.67558,-0.49573,-0.17335
1.349,-1.6291,-0.55087,0.76803,-0.58913,0.5175
1.7211,-1.3482,-0.44398,0.70681,-0.71272,0.11761
1.2444,-1.7738,-0.64249,0.48122,-0.22046,0.14144
1.2667,-1.7345,-0.6053,0.25806,-0.42612,0.58859
1.364,-1.5507,-0.59239,0.35177,-0.50414,1.0006
1.0586,-1.7795,-0.4801,1.0393,-0.45343,0.24773
1.1303,-1.6297,-0.74477,0.44622,-0.55584,0.88585
1.873,-1.4769,-0.3028,0.042197,-0.30714,-0.14642
1.0621,-2.0222,-0.2909,0.41662,-0.16325,0.5033
1.2066,-1.996,0.58691,0.37234,-0.046677,0.12194
1.2645,-1.9466,0.11679,0.6703,-0.34357,0.15281
1.0841,-1.8406,-0.48562,0.38644,-0.38299,0.3567
1.6628,-1.5618,-0.80752,0.13415,0.18487,0.28525
1.2504,-1.6667,-0.67334,0.44624,-0.51273,0.38451
1.5431,-1.2781,-0.83926,0.54393,-0.79381,0.50009
1.4572,-1.4796,-0.23488,0.27735,-0.97453,0.20322
0.81417,-1.7917,-0.5435,0.45115,-0.44868,0.38939
2.0534,0.32719,-1.028,-0.67461,-0.24244,-0.14265
1.7055,0.20003,0.15696,-1.0997,-1.3046,0.33957
1.9512,-0.7265,0.64062,-0.36626,-0.82253,-0.66611
1.9566,-0.65056,0.64208,-0.47996,-0.71125,-0.77451
1.9693,0.73446,-0.24305,-0.56252,-0.6066,-0.59653
1.9335,0.075266,0.60589,-0.34521,-0.94142,-0.6372
1.8846,0.52057,-0.21284,0.26693,-0.6729,-0.81487
1.8835,0.05538,0.57522,-0.21387,-1.1673,-0.38137
2.1696,0.13822,-0.086002,-0.50839,-0.62564,-0.43272
1.7816,0.62732,0.034375,-1.1821,-0.92825,-0.40808
1.854,0.77155,-0.71413,-1.0452,-0.36267,-0.020975
1.9192,-1.0336,0.11806,0.5966,-0.41066,-0.62854
1.7981,0.26404,0.61563,-0.056168,-0.97495,-0.7574
1.8838,-0.22973,0.72278,-0.75952,-1.0701,-0.22718
1.8456,-0.09403,0.54503,0.18334,-0.53589,-0.77502
2.0888,-0.74914,0.1871,0.14416,-0.7822,-0.36245
1.9792,0.70268,-0.53622,-0.36759,-0.36889,-0.56824
1.9666,0.57333,0.058621,-0.56732,-0.93519,-0.58821
2.0389,-0.15031,0.53532,-0.77287,-0.68462,-0.4675
2.1944,-0.3713,-0.41551,-0.28738,-0.85867,-0.23082
2.034,0.25302,0.029037,-0.42096,-0.58792,-0.1949
1.8738,0.013653,0.4908,-0.093702,-1.2511,-0.78108
2.0745,-0.086069,0.26487,-0.59874,-0.78917,-0.79529
2.0306,0.051723,0.41692,-0.8879,-0.42479,-0.71009
1.4862,0.35119,0.38731,-1.1117,-0.67578,-1.1486
1.9364,-0.58173,0.59676,-0.5673,-0.89767,0.15027
2.1839,-0.057249,-0.020653,-0.46446,-0.81932,-0.44191
1.8906,0.082802,0.59976,-0.74264,-0.95376,-0.76501
1.903,0.83149,-0.38357,-0.74769,-0.36623,-0.8206
1.8295,0.7815,-0.51455,-1.212,-0.47141,-0.22641
1.7607,0.065836,0.87283,-0.41427,-0.76574,-1.0926
2.1045,-0.52949,0.41791,-0.67132,-0.66043,-0.40331
2.0465,-0.73623,0.42953,-0.85514,-0.52438,-0.26473
1.6297,-0.675,0.79527,0.40408,-0.15326,-0.81641
2.1811,-0.16749,-0.47326,-0.75511,-0.61231,0.037624
1.9309,-0.22287,0.25322,-0.54792,-1.102,-0.70104
1.832,0.56052,0.13004,-1.0912,-1.0125,-0.27671
2.0025,0.13356,0.40076,-0.97683,-0.66803,-0.36379
1.9988,0.19527,0.2363,-0.17838,-0.56991,-0.57666
2.2342,-0.30219,-0.34572,-0.29573,-0.74712,-0.31661
2.0105,0.51501,-0.097573,-0.31668,-0.84673,-0.8142
2.0469,0.028482,-0.064348,-0.80641,-1.018,-0.31833
2.0535,0.17161,0.021534,-0.34952,-0.6353,-0.16648
1.8686,0.33821,0.18631,-1.1663,-0.80326,-0.57516
2.1454,-0.27946,0.0763,-0.66766,-0.87633,-0.29958
2.046,0.18499,0.14722,-0.2853,-0.82097,-0.32459
1.945,0.63409,-0.023999,-0.3998,-0.53135,-0.64795
1.9664,0.19315,0.52646,-0.62612,-0.70643,-0.59921
1.8844,0.55851,0.25592,-0.34397,-0.72368,-0.5929
1.9647,0.18063,0.38356,-0.14916,-0.8855,-0.88364
2.0584,-0.19119,-0.21529,0.30593,-0.19902,-0.87757
1.9903,-0.074262,0.61584,-0.45098,-0.62419,-0.73756
2.1325,-0.75042,-0.29202,0.18624,-0.59237,-0.6458
2.0803,-0.14067,-0.41726,0.36838,-0.41782,-0.53191
2.1366,-0.71859,0.11166,0.06512,-0.38584,-0.70973
1.9551,0.49278,0.15784,-0.50772,-1.0387,-0.45247
1.8571,-0.64222,0.46439,-0.47717,-1.1756,0.38239
2.2384,-0.26558,-0.1393,-0.58889,-0.57023,-0.33187
2.1144,-0.062418,0.19332,-0.33096,-0.77513,-0.31574
1.9874,-0.21909,0.41096,-0.60506,-1.1397,-0.40949
1.8947,-0.49706,0.010273,0.63779,-0.19132,-0.92995
2.149,-0.29014,0.029618,-0.90565,-0.58786,-0.36016
1.8702,-0.2357,-0.16203,-0.341,-0.98545,0.74023
2.0453,-0.199,-0.30542,0.46377,-0.70986,-0.8989
1.9046,0.413,0.40094,-0.67273,-1.0409,-0.51445
0.88617,1.6869,0.2705,-0.30079,-1.0303,-0.76925
1.7803,0.87748,-0.030005,-0.30865,-0.96343,-0.43585
1.6314,1.0945,0.082394,-0.53897,-0.98457,-0.79858
1.7184,1.0651,-0.2308,-0.23768,-0.81826,-0.66779
1.7571,0.56261,0.57144,-0.39806,-0.98919,-0.72462
1.1862,1.0643,0.33979,-1.4592,-0.43954,0.28001
1.4272,1.0624,0.49924,-0.31711,-0.85877,-0.67901
1.3286,1.3456,0.29604,-0.4314,-0.80937,-0.86907
1.8314,0.93018,-0.18835,-0.57945,-0.85808,-0.44879
1.3786,0.98384,0.53872,-1.0851,-1.1709,-0.52835
1.7166,0.9426,0.019699,-0.61426,-1.1176,-0.26197
1.5406,0.82156,0.68369,-0.45569,-0.8919,-0.98906
1.3874,0.44754,0.79628,0.16294,-0.30095,-1.1585
1.7323,0.94193,0.10881,-0.45732,-0.94179,-0.53989
1.3979,0.64372,1.0712,-0.5643,-0.85829,-0.83303
1.5012,1.0088,0.45628,-0.32613,-0.6558,-1.0797
1.6319,0.94015,0.41351,-0.62368,-0.82128,-0.64438
1.3465,0.84317,0.93302,-0.46539,-0.84519,-0.77812
1.7852,0.77309,0.31395,-0.56017,-0.65981,-0.86201
1.3582,1.3182,0.27702,-0.39243,-0.83454,-0.85515
0.59198,1.3178,1.1616,-0.54773,-0.77541,-1.1332
1.4838,0.96115,0.62204,-0.45689,-0.94112,-0.81776
1.0533,1.2814,0.64481,-1.0879,-1.1037,-0.63941
1.6279,1.0515,0.22713,-0.64336,-0.89094,-0.8337
0.64857,1.0183,1.0744,0.13149,-0.41235,-0.93542
1.3471,0.85183,0.85056,-0.92846,-1.202,-0.51934
1.0843,1.4611,0.33784,-0.25359,-0.61289,-0.78289
1.787,0.73847,0.31486,-0.68642,-0.9629,-0.43013
1.6155,0.62614,0.8058,-0.79935,-0.84147,-0.78248
1.583,0.39061,0.92146,-0.21202,-0.94543,-0.72065
1.2699,1.4717,0.077169,-0.31961,-0.77389,-0.9768
-0.71756,1.3112,1.4442,0.18319,-0.72731,-0.71657
1.2901,0.95677,0.90273,-0.5074,-0.77884,-0.88033
0.83411,1.3263,0.99579,-0.90639,-0.86344,-0.80637
1.8277,0.83786,-0.053432,-0.26274,-0.83456,-0.61329
0.8989,1.7606,0.1247,-0.38723,-0.81431,-0.86589
1.7076,0.64011,0.4157,-1.2695,-0.19186,-0.70311
-0.78633,1.1326,1.6171,-0.070924,-0.21376,-0.94849
1.366,1.0635,0.68818,-0.52625,-0.95972,-0.82042
1.6144,0.99637,0.36428,-0.58583,-0.89198,-0.8141
-0.98481,1.0096,1.565,0.056663,-0.89963,-0.85839
1.7553,-0.78287,0.30377,0.31512,1.2893,-0.041177
1.7573,-0.84057,0.037734,0.97375,1.0537,0.22368
1.7119,-0.60914,-0.20375,-0.96296,-0.90871,0.95037
1.8145,-0.32953,-0.47918,-0.87703,-0.91596,-0.081485
1.9959,-0.37514,-0.26375,-1.0953,-0.68104,0.044522
2.0754,-0.50889,-0.19393,-0.26232,-1.0232,-0.41526
1.8302,-0.62165,-0.31325,-0.96276,-0.75681,0.008179
1.0005,-0.6518,-0.24681,-0.74065,-1.3435,0.67888
1.8898,-0.9023,-0.22906,-0.35569,-1.0053,-0.04756
2.0814,-0.22121,-0.25034,-0.34487,-1.0977,-0.41393
2.121,-0.44428,-0.23897,-0.23089,-0.84573,-0.63496
1.8734,-0.45056,-0.75651,-0.60694,-0.87892,0.064482
1.626,-1.3199,-0.14574,-0.44816,-0.80591,0.27819
1.659,-1.2197,-0.29684,-0.52891,-0.73301,0.222
1.3834,-1.2981,-0.093791,-0.7435,-0.7093,0.36422
1.8314,-0.88658,-0.31899,-0.51952,-0.92864,0.031839
1.7094,-0.033729,-0.044049,-0.87161,-1.3095,-0.19931
1.7194,-1.2034,-0.33784,-0.47291,-0.68603,0.099198
1.7565,-0.18665,-0.38859,-1.0572,-0.96124,0.008242
1.6766,-0.77824,-0.18095,-0.90695,-0.85217,0.041622
1.683,-0.63339,-0.45588,-0.9851,-0.74092,0.12
1.8269,-0.17089,-0.54278,-0.9494,-0.86761,-0.11544
1.6582,-0.35149,-0.31436,-0.8423,-1.1318,-0.03614
1.5575,-0.68478,-0.24361,-1.0576,-0.84606,0.19043
1.6474,-0.15419,-0.77023,-0.81747,-1.021,0.14786
1.4173,-1.0564,-0.23711,-0.72277,-0.88721,0.29309
-0.04003,-0.90392,-0.36897,-0.50931,-0.45749,0.14539
1.7282,-0.23972,-0.43993,-1.0115,-0.94207,-0.017557
1.7612,-0.73705,-0.2812,-0.75202,-0.91472,-0.010768
1.6221,-1.1613,-0.3018,-0.75452,-0.59775,0.21562
1.6318,-0.88547,-0.28356,-1.0078,-0.65251,0.20242
1.7801,-0.22868,-0.63547,-0.80128,-0.9181,-0.13095
1.7918,-0.2114,-0.49446,-1.0684,-0.80153,-0.0603
1.6947,0.59008,-1.0564,-0.64629,-1.0408,0.059378
1.6639,-1.1499,-0.37951,-0.35944,-0.74182,-0.072631
1.6809,-1.0811,-0.38902,-0.36996,-0.77413,-0.11767
1.7688,0.25599,-0.12305,-0.63803,-1.0179,-0.93449
1.901,-0.18525,-0.40653,-0.78586,-1.0379,-0.16661
1.8046,-0.21459,-0.43202,-0.84394,-1.0937,0.003505
1.855,-0.48896,0.36956,-0.64939,-0.99421,-0.6661
1.7072,0.32896,-1.0875,-1.1191,-0.17739,-0.30053
1.2684,-0.79035,-0.64857,-1.1279,-0.25541,0.14389
1.6413,-0.45773,-0.87338,-0.99872,-0.51314,0.18184
1.5898,-0.53637,-0.33651,-0.95338,-0.89208,-0.039898
1.619,-0.91635,0.03193,-0.80377,-0.84988,-0.1518
1.6639,-0.2978,-0.40879,-0.9681,-0.9014,-0.18022
1.5429,-1.2248,-0.004573,-0.94377,-0.5421,0.23428
1.6945,-1.1074,-0.93209,-0.72386,0.084816,0.58759
1.7189,-0.58829,-0.41695,-0.68015,-1.01,-0.043654
1.1896,-1.4924,-0.22746,-1.0822,0.2049,0.47789
1.2048,0.61105,0.33041,-1.6982,-0.86254,-0.2124
1.6108,-1.2452,-0.51474,-0.63328,-0.41708,0.21547
1.7853,-0.64591,-0.54934,-0.72669,-0.88564,0.15142
1.727,-1.0157,-0.36016,-0.60612,-0.73952,0.024318
1.7858,-1.1179,-0.92648,-0.28032,-0.32157,0.15588
2.1917,-0.54509,-0.58848,-0.36768,-0.62028,-0.15866
1.5821,-0.56308,-0.46595,-0.93917,-0.86701,0.10507
1.5659,-0.99557,-0.52636,-0.70542,-0.81183,0.59915
1.7255,-0.041491,-0.91518,-0.93844,-0.70279,-0.026492
1.764,-0.67535,-0.41879,-0.84339,-0.81866,0.058386
1.4736,-0.98059,0.18755,-0.77598,-1.0673,0.12604
1.5433,-1.09,-0.37471,-0.78095,-0.67106,0.30832
1.8552,-0.55006,-0.26495,-1.0426,-0.72987,-0.019525
1.7856,-0.40622,-0.89533,-0.58513,-0.81687,0.003997
1.5526,-0.019515,-0.39212,-1.2182,-0.89697,-0.092712
1.1638,-1.7581,-0.31495,0.28387,-0.6779,0.47018
0.95555,-1.4896,-0.49906,-0.099143,-0.67445,1.4144
1.4546,-0.73515,-0.073602,-0.6189,-0.7897,1.3915
1.6986,-1.2686,-0.37551,0.99682,-0.31916,-0.34484
1.3028,-1.3386,-0.55516,-0.1014,-0.67417,1.3173
1.4319,-1.8199,0.056708,0.62822,-0.46153,0.001474
1.2352,-1.7966,-0.062241,0.41659,-0.76733,0.53973
1.928,-1.1381,-0.58318,0.056551,-0.73121,0.22585
1.9373,-1.0947,-0.42304,-0.1655,-0.82344,0.31656
1.5799,-1.7751,-0.13612,0.28206,-0.37217,0.093242
1.8578,-1.2863,-0.3381,0.062704,-0.19952,0.5563
1.2983,-1.615,0.082606,-0.51777,-0.49832,0.17703
1.5749,-1.3772,-0.80793,0.42683,-0.65487,0.35693
0.90605,-2.075,-0.28446,0.34709,-0.019379,0.42448
1.4219,-1.7233,-0.52233,0.28315,-0.41498,0.36212
1.5674,-1.6452,-0.3859,0.23901,-0.45924,0.64676
1.0964,-1.7286,-0.52935,0.075671,-0.43412,1.0603
1.4639,-1.3117,-0.83607,-0.48548,-0.23891,0.42747
1.2322,-1.9909,-0.16637,0.19763,-0.16856,0.3442
1.28,-1.6501,-0.73167,0.30504,-0.42465,0.40536
1.3848,-1.7739,-0.063955,0.67558,-0.49573,-0.17335
1.349,-1.6291,-0.55087,0.76803,-0.58913,0.5175
1.7211,-1.3482,-0.44398,0.70681,-0.71272,0.11761
1.2444,-1.7738,-0.64249,0.48122,-0.22046,0.14144
1.2667,-1.7345,-0.6053,0.25806,-0.42612,0.58859
1.364,-1.5507,-0.59239,0.35177,-0.50414,1.0006
1.0586,-1.7795,-0.4801,1.0393,-0.45343,0.24773
1.1303,-1.6297,-0.74477,0.44622,-0.55584,0.88585
1.873,-1.4769,-0.3028,0.042197,-0.30714,-0.14642
1.0621,-2.0222,-0.2909,0.41662,-0.16325,0.5033
1.2066,-1.996,0.58691,0.37234,-0.046677,0.12194
1.2645,-1.9466,0.11679,0.6703,-0.34357,0.15281
1.0841,-1.8406,-0.48562,0.38644,-0.38299,0.3567
1.6628,-1.5618,-0.80752,0.13415,0.18487,0.28525
1.2504,-1.6667,-0.67334,0.44624,-0.51273,0.38451
1.5431,-1.2781,-0.83926,0.54393,-0.79381,0.50009
1.4572,-1.4796,-0.23488,0.27735,-0.97453,0.20322
0.81417,-1.7917,-0.5435,0.45115,-0.44868,0.38939
2.0534,0.32719,-1.028,-0.67461,-0.24244,-0.14265
1.7055,0.20003,0.15696,-1.0997,-1.3046,0.33957
1.9512,-0.7265,0.64062,-0.36626,-0.82253,-0.66611
1.9566,-0.65056,0.64208,-0.47996,-0.71125,-0.77451
1.9693,0.73446,-0.24305,-0.56252,-0.6066,-0.59653
1.9335,0.075266,0.60589,-0.34521,-0.94142,-0.6372
1.8846,0.52057,-0.21284,0.26693,-0.6729,-0.81487
1.8835,0.05538,0.57522,-0.21387,-1.1673,-0.38137
2.1696,0.13822,-0.086002,-0.50839,-0.62564,-0.43272
1.7816,0.62732,0.034375,-1.1821,-0.92825,-0.40808
1.854,0.77155,-0.71413,-1.0452,-0.36267,-0.020975
1.9192,-1.0336,0.11806,0.5966,-0.41066,-0.62854
1.7981,0.26404,0.61563,-0.056168,-0.97495,-0.7574
1.8838,-0.22973,0.72278,-0.75952,-1.0701,-0.22718
1.8456,-0.09403,0.54503,0.18334,-0.53589,-0.77502
2.0888,-0.74914,0.1871,0.14416,-0.7822,-0.36245
1.9792,0.70268,-0.53622,-0.36759,-0.36889,-0.56824
1.9666,0.57333,0.058621,-0.56732,-0.93519,-0.58821
2.0389,-0.15031,0.53532,-0.77287,-0.68462,-0.4675
2.1944,-0.3713,-0.41551,-0.28738,-0.85867,-0.23082
2.034,0.25302,0.029037,-0.42096,-0.58792,-0.1949
1.8738,0.013653,0.4908,-0.093702,-1.2511,-0.78108
2.0745,-0.086069,0.26487,-0.59874,-0.78917,-0.79529
2.0306,0.051723,0.41692,-0.8879,-0.42479,-0.71009
1.4862,0.35119,0.38731,-1.1117,-0.67578,-1.1486
1.9364,-0.58173,0.59676,-0.5673,-0.89767,0.15027
2.1839,-0.057249,-0.020653,-0.46446,-0.81932,-0.44191
1.8906,0.082802,0.59976,-0.74264,-0.95376,-0.76501
1.903,0.83149,-0.38357,-0.74769,-0.36623,-0.8206
1.8295,0.7815,-0.51455,-1.212,-0.47141,-0.22641
1.7607,0.065836,0.87283,-0.41427,-0.76574,-1.0926
2.1045,-0.52949,0.41791,-0.67132,-0.66043,-0.40331
2.0465,-0.73623,0.42953,-0.85514,-0.52438,-0.26473
1.6297,-0.675,0.79527,0.40408,-0.15326,-0.81641
2.1811,-0.16749,-0.47326,-0.75511,-0.61231,0.037624
1.9309,-0.22287,0.25322,-0.54792,-1.102,-0.70104
1.832,0.56052,0.13004,-1.0912,-1.0125,-0.27671
2.0025,0.13356,0.40076,-0.97683,-0.66803,-0.36379
1.9988,0.19527,0.2363,-0.17838,-0.56991,-0.57666
2.2342,-0.30219,-0.34572,-0.29573,-0.74712,-0.31661
2.0105,0.51501,-0.097573,-0.31668,-0.84673,-0.8142
2.0469,0.028482,-0.064348,-0.80641,-1.018,-0.31833
2.0535,0.17161,0.021534,-0.34952,-0.6353,-0.16648
1.8686,0.33821,0.18631,-1.1663,-0.80326,-0.57516
2.1454,-0.27946,0.0763,-0.66766,-0.87633,-0.29958
2.046,0.18499,0.14722,-0.2853,-0.82097,-0.32459
1.945,0.63409,-0.023999,-0.3998,-0.53135,-0.64795
1.9664,0.19315,0.52646,-0.62612,-0.70643,-0.59921
1.8844,0.55851,0.25592,-0.34397,-0.72368,-0.5929
1.9647,0.18063,0.38356,-0.14916,-0.8855,-0.88364
2.0584,-0.19119,-0.21529,0.30593,-0.19902,-0.87757
1.9903,-0.074262,0.61584,-0.45098,-0.62419,-0.73756
2.1325,-0.75042,-0.29202,0.18624,-0.59237,-0.6458
2.0803,-0.14067,-0.41726,0.36838,-0.41782,-0.53191
2.1366,-0.71859,0.11166,0.06512,-0.38584,-0.70973
1.9551,0.49278,0.15784,-0.50772,-1.0387,-0.45247
1.8571,-0.64222,0.46439,-0.47717,-1.1756,0.38239
2.2384,-0.26558,-0.1393,-0.58889,-0.57023,-0.33187
2.1144,-0.062418,0.19332,-0.33096,-0.77513,-0.31574
1.9874,-0.21909,0.41096,-0.60506,-1.1397,-0.40949
1.8947,-0.49706,0.010273,0.63779,-0.19132,-0.92995
2.149,-0.29014,0.029618,-0.90565,-0.58786,-0.36016
1.8702,-0.2357,-0.16203,-0.341,-0.98545,0.74023
2.0453,-0.199,-0.30542,0.46377,-0.70986,-0.8989
1.9046,0.413,0.40094,-0.67273,-1.0409,-0.51445
0.88617,1.6869,0.2705,-0.30079,-1.0303,-0.76925
1.7803,0.87748,-0.030005,-0.30865,-0.96343,-0.43585
1.6314,1.0945,0.082394,-0.53897,-0.98457,-0.79858
1.7184,1.0651,-0.2308,-0.23768,-0.81826,-0.66779
1.7571,0.56261,0.57144,-0.39806,-0.98919,-0.72462
1.1862,1.0643,0.33979,-1.4592,-0.43954,0.28001
1.4272,1.0624,0.49924,-0.31711,-0.85877,-0.67901
1.3286,1.3456,0.29604,-0.4314,-0.80937,-0.86907
1.8314,0.93018,-0.18835,-0.57945,-0.85808,-0.44879
1.3786,0.98384,0.53872,-1.0851,-1.1709,-0.52835
1.7166,0.9426,0.019699,-0.61426,-1.1176,-0.26197
1.5406,0.82156,0.68369,-0.45569,-0.8919,-0.98906
1.3874,0.44754,0.79628,0.16294,-0.30095,-1.1585
1.7323,0.94193,0.10881,-0.45732,-0.94179,-0.53989
1.3979,0.64372,1.0712,-0.5643,-0.85829,-0.83303
1.5012,1.0088,0.45628,-0.32613,-0.6558,-1.0797
1.6319,0.94015,0.41351,-0.62368,-0.82128,-0.64438
1.3465,0.84317,0.93302,-0.46539,-0.84519,-0.77812
1.7852,0.77309,0.31395,-0.56017,-0.65981,-0.86201
1.3582,1.3182,0.27702,-0.39243,-0.83454,-0.85515
0.59198,1.3178,1.1616,-0.54773,-0.77541,-1.1332
1.4838,0.96115,0.62204,-0.45689,-0.94112,-0.81776
1.0533,1.2814,0.64481,-1.0879,-1.1037,-0.63941
1.6279,1.0515,0.22713,-0.64336,-0.89094,-0.8337
0.64857,1.0183,1.0744,0.13149,-0.41235,-0.93542
1.3471,0.85183,0.85056,-0.92846,-1.202,-0.51934
1.0843,1.4611,0.33784,-0.25359,-0.61289,-0.78289
1.787,0.73847,0.31486,-0.68642,-0.9629,-0.43013
1.6155,0.62614,0.8058,-0.79935,-0.84147,-0.78248
1.583,0.39061,0.92146,-0.21202,-0.94543,-0.72065
1.2699,1.4717,0.077169,-0.31961,-0.77389,-0.9768
-0.71756,1.3112,1.4442,0.18319,-0.72731,-0.71657
1.2901,0.95677,0.90273,-0.5074,-0.77884,-0.88033
0.83411,1.3263,0.99579,-0.90639,-0.86344,-0.80637
1.8277,0.83786,-0.053432,-0.26274,-0.83456,-0.61329
0.8989,1.7606,0.1247,-0.38723,-0.81431,-0.86589
1.7076,0.64011,0.4157,-1.2695,-0.19186,-0.70311
-0.78633,1.1326,1.6171,-0.070924,-0.21376,-0.94849
1.366,1.0635,0.68818,-0.52625,-0.95972,-0.82042
1.6144,0.99637,0.36428,-0.58583,-0.89198,-0.8141
-0.98481,1.0096,1.565,0.056663,-0.89963,-0.85839
1.7553,-0.78287,0.30377,0.31512,1.2893,-0.041177
1.7573,-0.84057,0.037734,0.97375,1.0537,0.22368
1.7119,-0.60914,-0.20375,-0.96296,-0.90871,0.95037
1.8145,-0.32953,-0.47918,-0.87703,-0.91596,-0.081485
1.9959,-0.37514,-0.26375,-1.0953,-0.68104,0.044522
2.0754,-0.50889,-0.19393,-0.26232,-1.0232,-0.41526
1.8302,-0.62165,-0.31325,-0.96276,-0.75681,0.008179
1.0005,-0.6518,-0.24681,-0.74065,-1.3435,0.67888
1.8898,-0.9023,-0.22906,-0.35569,-1.0053,-0.04756
2.0814,-0.22121,-0.25034,-0.34487,-1.0977,-0.41393
2.121,-0.44428,-0.23897,-0.23089,-0.84573,-0.63496
1.8734,-0.45056,-0.75651,-0.60694,-0.87892,0.064482
1.626,-1.3199,-0.14574,-0.44816,-0.80591,0.27819
1.659,-1.2197,-0.29684,-0.52891,-0.73301,0.222
1.3834,-1.2981,-0.093791,-0.7435,-0.7093,0.36422
1.8314,-0.88658,-0.31899,-0.51952,-0.92864,0.031839
1.7094,-0.033729,-0.044049,-0.87161,-1.3095,-0.19931
1.7194,-1.2034,-0.33784,-0.47291,-0.68603,0.099198
1.7565,-0.18665,-0.38859,-1.0572,-0.96124,0.008242
1.6766,-0.77824,-0.18095,-0.90695,-0.85217,0.041622
1.683,-0.63339,-0.45588,-0.9851,-0.74092,0.12
1.8269,-0.17089,-0.54278,-0.9494,-0.86761,-0.11544
1.6582,-0.35149,-0.31436,-0.8423,-1.1318,-0.03614
1.5575,-0.68478,-0.24361,-1.0576,-0.84606,0.19043
1.6474,-0.15419,-0.77023,-0.81747,-1.021,0.14786
1.4173,-1.0564,-0.23711,-0.72277,-0.88721,0.29309
-0.04003,-0.90392,-0.36897,-0.50931,-0.45749,0.14539
1.7282,-0.23972,-0.43993,-1.0115,-0.94207,-0.017557
1.7612,-0.73705,-0.2812,-0.75202,-0.91472,-0.010768
1.6221,-1.1613,-0.3018,-0.75452,-0.59775,0.21562
1.6318,-0.88547,-0.28356,-1.0078,-0.65251,0.20242
1.7801,-0.22868,-0.63547,-0.80128,-0.9181,-0.13095
1.7918,-0.2114,-0.49446,-1.0684,-0.80153,-0.0603
1.6947,0.59008,-1.0564,-0.64629,-1.0408,0.059378
1.6639,-1.1499,-0.37951,-0.35944,-0.74182,-0.072631
1.6809,-1.0811,-0.38902,-0.36996,-0.77413,-0.11767
1.7688,0.25599,-0.12305,-0.63803,-1.0179,-0.93449
1.901,-0.18525,-0.40653,-0.78586,-1.0379,-0.16661
1.8046,-0.21459,-0.43202,-0.84394,-1.0937,0.003505
1.855,-0.48896,0.36956,-0.64939,-0.99421,-0.6661
1.7072,0.32896,-1.0875,-1.1191,-0.17739,-0.30053
1.2684,-0.79035,-0.64857,-1.1279,-0.25541,0.14389
1.6413,-0.45773,-0.87338,-0.99872,-0.51314,0.18184
1.5898,-0.53637,-0.33651,-0.95338,-0.89208,-0.039898
1.619,-0.91635,0.03193,-0.80377,-0.84988,-0.1518
1.6639,-0.2978,-0.40879,-0.9681,-0.9014,-0.18022
1.5429,-1.2248,-0.004573,-0.94377,-0.5421,0.23428
1.6945,-1.1074,-0.93209,-0.72386,0.084816,0.58759
1.7189,-0.58829,-0.41695,-0.68015,-1.01,-0.043654
1.1896,-1.4924,-0.22746,-1.0822,0.2049,0.47789
1.2048,0.61105,0.33041,-1.6982,-0.86254,-0.2124
1.6108,-1.2452,-0.51474,-0.63328,-0.41708,0.21547
1.7853,-0.64591,-0.54934,-0.72669,-0.88564,0.15142
1.727,-1.0157,-0.36016,-0.60612,-0.73952,0.024318
1.7858,-1.1179,-0.92648,-0.28032,-0.32157,0.15588
2.1917,-0.54509,-0.58848,-0.36768,-0.62028,-0.15866
1.5821,-0.56308,-0.46595,-0.93917,-0.86701,0.10507
1.5659,-0.99557,-0.52636,-0.70542,-0.81183,0.59915
1.7255,-0.041491,-0.91518,-0.93844,-0.70279,-0.026492
1.764,-0.67535,-0.41879,-0.84339,-0.81866,0.058386
1.4736,-0.98059,0.18755,-0.77598,-1.0673,0.12604
1.5433,-1.09,-0.37471,-0.78095,-0.67106,0.30832
1.8552,-0.55006,-0.26495,-1.0426,-0.72987,-0.019525
1.7856,-0.40622,-0.89533,-0.58513,-0.81687,0.003997
1.5526,-0.019515,-0.39212,-1.2182,-0.89697,-0.092712
1.1638,-1.7581,-0.31495,0.28387,-0.6779,0.47018
0.95555,-1.4896,-0.49906,-0.099143,-0.67445,1.4144
1.4546,-0.73515,-0.073602,-0.6189,-0.7897,1.3915
1.6986,-1.2686,-0.37551,0.99682,-0.31916,-0.34484
1.3028,-1.3386,-0.55516,-0.1014,-0.67417,1.3173
1.4319,-1.8199,0.056708,0.62822,-0.46153,0.001474
1.2352,-1.7966,-0.062241,0.41659,-0.76733,0.53973
1.928,-1.1381,-0.58318,0.056551,-0.73121,0.22585
1.9373,-1.0947,-0.42304,-0.1655,-0.82344,0.31656
1.5799,-1.7751,-0.13612,0.28206,-0.37217,0.093242
1.8578,-1.2863,-0.3381,0.062704,-0.19952,0.5563
1.2983,-1.615,0.082606,-0.51777,-0.49832,0.17703
1.5749,-1.3772,-0.80793,0.42683,-0.65487,0.35693
0.90605,-2.075,-0.28446,0.34709,-0.019379,0.42448
1.4219,-1.7233,-0.52233,0.28315,-0.41498,0.36212
1.5674,-1.6452,-0.3859,0.23901,-0.45924,0.64676
1.0964,-1.7286,-0.52935,0.075671,-0.43412,1.0603
1.4639,-1.3117,-0.83607,-0.48548,-0.23891,0.42747
1.2322,-1.9909,-0.16637,0.19763,-0.16856,0.3442
1.28,-1.6501,-0.73167,0.30504,-0.42465,0.40536
1.3848,-1.7739,-0.063955,0.67558,-0.49573,-0.17335
1.349,-1.6291,-0.55087,0.76803,-0.58913,0.5175
1.7211,-1.3482,-0.44398,0.70681,-0.71272,0.11761
1.2444,-1.7738,-0.64249,0.48122,-0.22046,0.14144
1.2667,-1.7345,-0.6053,0.25806,-0.42612,0.58859
1.364,-1.5507,-0.59239,0.35177,-0.50414,1.0006
1.0586,-1.7795,-0.4801,1.0393,-0.45343,0.24773
1.1303,-1.6297,-0.74477,0.44622,-0.55584,0.88585
1.873,-1.4769,-0.3028,0.042197,-0.30714,-0.14642
1.0621,-2.0222,-0.2909,0.41662,-0.16325,0.5033
1.2066,-1.996,0.58691,0.37234,-0.046677,0.12194
1.2645,-1.9466,0.11679,0.6703,-0.34357,0.15281
1.0841,-1.8406,-0.48562,0.38644,-0.38299,0.3567
1.6628,-1.5618,-0.80752,0.13415,0.18487,0.28525
1.2504,-1.6667,-0.67334,0.44624,-0.51273,0.38451
1.5431,-1.2781,-0.83926,0.54393,-0.79381,0.50009
1.4572,-1.4796,-0.23488,0.27735,-0.97453,0.20322
0.81417,-1.7917,-0.5435,0.45115,-0.44868,0.38939
2.0534,0.32719,-1.028,-0.67461,-0.24244,-0.14265
1.7055,0.20003,0.15696,-1.0997,-1.3046,0.33957
1.9512,-0.7265,0.64062,-0.36626,-0.82253,-0.66611
1.9566,-0.65056,0.64208,-0.47996,-0.71125,-0.77451
1.9693,0.73446,-0.24305,-0.56252,-0.6066,-0.59653
1.9335,0.075266,0.60589,-0.34521,-0.94142,-0.6372
1.8846,0.52057,-0.21284,0.26693,-0.6729,-0.81487
1.8835,0.05538,0.57522,-0.21387,-1.1673,-0.38137
2.1696,0.13822,-0.086002,-0.50839,-0.62564,-0.43272
1.7816,0.62732,0.034375,-1.1821,-0.92825,-0.40808
1.854,0.77155,-0.71413,-1.0452,-0.36267,-0.020975
1.9192,-1.0336,0.11806,0.5966,-0.41066,-0.62854
1.7981,0.26404,0.61563,-0.056168,-0.97495,-0.7574
1.8838,-0.22973,0.72278,-0.75952,-1.0701,-0.22718
1.8456,-0.09403,0.54503,0.18334,-0.53589,-0.77502
2.0888,-0.74914,0.1871,0.14416,-0.7822,-0.36245
1.9792,0.70268,-0.53622,-0.36759,-0.36889,-0.56824
1.9666,0.57333,0.058621,-0.56732,-0.93519,-0.58821
2.0389,-0.15031,0.53532,-0.77287,-0.68462,-0.4675
2.1944,-0.3713,-0.41551,-0.28738,-0.85867,-0.23082
2.034,0.25302,0.029037,-0.42096,-0.58792,-0.1949
1.8738,0.013653,0.4908,-0.093702,-1.2511,-0.78108
2.0745,-0.086069,0.26487,-0.59874,-0.78917,-0.79529
2.0306,0.051723,0.41692,-0.8879,-0.42479,-0.71009
1.4862,0.35119,0.38731,-1.1117,-0.67578,-1.1486
1.9364,-0.58173,0.59676,-0.5673,-0.89767,0.15027
2.1839,-0.057249,-0.020653,-0.46446,-0.81932,-0.44191
1.8906,0.082802,0.59976,-0.74264,-0.95376,-0.76501
1.903,0.83149,-0.38357,-0.74769,-0.36623,-0.8206
1.8295,0.7815,-0.51455,-1.212,-0.47141,-0.22641
1.7607,0.065836,0.87283,-0.41427,-0.76574,-1.0926
2.1045,-0.52949,0.41791,-0.67132,-0.66043,-0.40331
2.0465,-0.73623,0.42953,-0.85514,-0.52438,-0.26473
1.6297,-0.675,0.79527,0.40408,-0.15326,-0.81641
2.1811,-0.16749,-0.47326,-0.75511,-0.61231,0.037624
1.9309,-0.22287,0.25322,-0.54792,-1.102,-0.70104
1.832,0.56052,0.13004,-1.0912,-1.0125,-0.27671
2.0025,0.13356,0.40076,-0.97683,-0.66803,-0.36379
1.9988,0.19527,0.2363,-0.17838,-0.56991,-0.57666
2.2342,-0.30219,-0.34572,-0.29573,-0.74712,-0.31661
2.0105,0.51501,-0.097573,-0.31668,-0.84673,-0.8142
2.0469,0.028482,-0.064348,-0.80641,-1.018,-0.31833
2.0535,0.17161,0.021534,-0.34952,-0.6353,-0.16648
1.8686,0.33821,0.18631,-1.1663,-0.80326,-0.57516
2.1454,-0.27946,0.0763,-0.66766,-0.87633,-0.29958
2.046,0.18499,0.14722,-0.2853,-0.82097,-0.32459
1.945,0.63409,-0.023999,-0.3998,-0.53135,-0.64795
1.9664,0.19315,0.52646,-0.62612,-0.70643,-0.59921
1.8844,0.55851,0.25592,-0.34397,-0.72368,-0.5929
1.9647,0.18063,0.38356,-0.14916,-0.8855,-0.88364
2.0584,-0.19119,-0.21529,0.30593,-0.19902,-0.87757
1.9903,-0.074262,0.61584,-0.45098,-0.62419,-0.73756
2.1325,-0.75042,-0.29202,0.18624,-0.59237,-0.6458
2.0803,-0.14067,-0.41726,0.36838,-0.41782,-0.53191
2.1366,-0.71859,0.11166,0.06512,-0.38584,-0.70973
1.9551,0.49278,0.15784,-0.50772,-1.0387,-0.45247
1.8571,-0.64222,0.46439,-0.47717,-1.1756,0.38239
2.2384,-0.26558,-0.1393,-0.58889,-0.57023,-0.33187
2.1144,-0.062418,0.19332,-0.33096,-0.77513,-0.31574
1.9874,-0.21909,0.41096,-0.60506,-1.1397,-0.40949
1.8947,-0.49706,0.010273,0.63779,-0.19132,-0.92995
2.149,-0.29014,0.029618,-0.90565,-0.58786,-0.36016
1.8702,-0.2357,-0.16203,-0.341,-0.98545,0.74023
2.0453,-0.199,-0.30542,0.46377,-0.70986,-0.8989
1.9046,0.413,0.40094,-0.67273,-1.0409,-0.51445
0.88617,1.6869,0.2705,-0.30079,-1.0303,-0.76925
1.7803,0.87748,-0.030005,-0.30865,-0.96343,-0.43585
1.6314,1.0945,0.082394,-0.53897,-0.98457,-0.79858
1.7184,1.0651,-0.2308,-0.23768,-0.81826,-0.66779
1.7571,0.56261,0.57144,-0.39806,-0.98919,-0.72462
1.1862,1.0643,0.33979,-1.4592,-0.43954,0.28001
1.4272,1.0624,0.49924,-0.31711,-0.85877,-0.67901
1.3286,1.3456,0.29604,-0.4314,-0.80937,-0.86907
1.8314,0.93018,-0.18835,-0.57945,-0.85808,-0.44879
1.3786,0.98384,0.53872,-1.0851,-1.1709,-0.52835
1.7166,0.9426,0.019699,-0.61426,-1.1176,-0.26197
1.5406,0.82156,0.68369,-0.45569,-0.8919,-0.98906
1.3874,0.44754,0.79628,0.16294,-0.30095,-1.1585
1.7323,0.94193,0.10881,-0.45732,-0.94179,-0.53989
1.3979,0.64372,1.0712,-0.5643,-0.85829,-0.83303
1.5012,1.0088,0.45628,-0.32613,-0.6558,-1.0797
1.6319,0.94015,0.41351,-0.62368,-0.82128,-0.64438
1.3465,0.84317,0.93302,-0.46539,-0.84519,-0.77812
1.7852,0.77309,0.31395,-0.56017,-0.65981,-0.86201
1.3582,1.3182,0.27702,-0.39243,-0.83454,-0.85515
0.59198,1.3178,1.1616,-0.54773,-0.77541,-1.1332
1.4838,0.96115,0.62204,-0.45689,-0.94112,-0.81776
1.0533,1.2814,0.64481,-1.0879,-1.1037,-0.63941
1.6279,1.0515,0.22713,-0.64336,-0.89094,-0.8337
0.64857,1.0183,1.0744,0.13149,-0.41235,-0.93542
1.3471,0.85183,0.85056,-0.92846,-1.202,-0.51934
1.0843,1.4611,0.33784,-0.25359,-0.61289,-0.78289
1.787,0.73847,0.31486,-0.68642,-0.9629,-0.43013
1.6155,0.62614,0.8058,-0.79935,-0.84147,-0.78248
1.583,0.39061,0.92146,-0.21202,-0.94543,-0.72065
1.2699,1.4717,0.077169,-0.31961,-0.77389,-0.9768
-0.71756,1.3112,1.4442,0.18319,-0.72731,-0.71657
1.2901,0.95677,0.90273,-0.5074,-0.77884,-0.88033
0.83411,1.3263,0.99579,-0.90639,-0.86344,-0.80637
1.8277,0.83786,-0.053432,-0.26274,-0.83456,-0.61329
0.8989,1.7606,0.1247,-0.38723,-0.81431,-0.86589
1.7076,0.64011,0.4157,-1.2695,-0.19186,-0.70311
-0.78633,1.1326,1.6171,-0.070924,-0.21376,-0.94849
1.366,1.0635,0.68818,-0.52625,-0.95972,-0.82042
1.6144,0.99637,0.36428,-0.58583,-0.89198,-0.8141
-0.98481,1.0096,1.565,0.056663,-0.89963,-0.85839
1.7553,-0.78287,0.30377,0.31512,1.2893,-0.041177
1.7573,-0.84057,0.037734,0.97375,1.0537,0.22368
1.7119,-0.60914,-0.20375,-0.96296,-0.90871,0.95037
1.8145,-0.32953,-0.47918,-0.87703,-0.91596,-0.081485
1.9959,-0.37514,-0.26375,-1.0953,-0.68104,0.044522
2.0754,-0.50889,-0.19393,-0.26232,-1.0232,-0.41526
1.8302,-0.62165,-0.31325,-0.96276,-0.75681,0.008179
1.0005,-0.6518,-0.24681,-0.74065,-1.3435,0.67888
1.8898,-0.9023,-0.22906,-0.35569,-1.0053,-0.04756
2.0814,-0.22121,-0.25034,-0.34487,-1.0977,-0.41393
2.121,-0.44428,-0.23897,-0.23089,-0.84573,-0.63496
1.8734,-0.45056,-0.75651,-0.60694,-0.87892,0.064482
1.626,-1.3199,-0.14574,-0.44816,-0.80591,0.27819
1.659,-1.2197,-0.29684,-0.52891,-0.73301,0.222
1.3834,-1.2981,-0.093791,-0.7435,-0.7093,0.36422
1.8314,-0.88658,-0.31899,-0.51952,-0.92864,0.031839
1.7094,-0.033729,-0.044049,-0.87161,-1.3095,-0.19931
1.7194,-1.2034,-0.33784,-0.47291,-0.68603,0.099198
1.7565,-0.18665,-0.38859,-1.0572,-0.96124,0.008242
1.6766,-0.77824,-0.18095,-0.90695,-0.85217,0.041622
1.683,-0.63339,-0.45588,-0.9851,-0.74092,0.12
1.8269,-0.17089,-0.54278,-0.9494,-0.86761,-0.11544
1.6582,-0.35149,-0.31436,-0.8423,-1.1318,-0.03614
1.5575,-0.68478,-0.24361,-1.0576,-0.84606,0.19043
1.6474,-0.15419,-0.77023,-0.81747,-1.021,0.14786
1.4173,-1.0564,-0.23711,-0.72277,-0.88721,0.29309
-0.04003,-0.90392,-0.36897,-0.50931,-0.45749,0.14539
1.7282,-0.23972,-0.43993,-1.0115,-0.94207,-0.017557
1.7612,-0.73705,-0.2812,-0.75202,-0.91472,-0.010768
1.6221,-1.1613,-0.3018,-0.75452,-0.59775,0.21562
1.6318,-0.88547,-0.28356,-1.0078,-0.65251,0.20242
1.7801,-0.22868,-0.63547,-0.80128,-0.9181,-0.13095
1.7918,-0.2114,-0.49446,-1.0684,-0.80153,-0.0603
1.6947,0.59008,-1.0564,-0.64629,-1.0408,0.059378
1.6639,-1.1499,-0.37951,-0.35944,-0.74182,-0.072631
1.6809,-1.0811,-0.38902,-0.36996,-0.77413,-0.11767
1.7688,0.25599,-0.12305,-0.63803,-1.0179,-0.93449
1.901,-0.18525,-0.40653,-0.78586,-1.0379,-0.16661
1.8046,-0.21459,-0.43202,-0.84394,-1.0937,0.003505
1.855,-0.48896,0.36956,-0.64939,-0.99421,-0.6661
1.7072,0.32896,-1.0875,-1.1191,-0.17739,-0.30053
1.2684,-0.79035,-0.64857,-1.1279,-0.25541,0.14389
1.6413,-0.45773,-0.87338,-0.99872,-0.51314,0.18184
1.5898,-0.53637,-0.33651,-0.95338,-0.89208,-0.039898
1.619,-0.91635,0.03193,-0.80377,-0.84988,-0.1518
1.6639,-0.2978,-0.40879,-0.9681,-0.9014,-0.18022
1.5429,-1.2248,-0.004573,-0.94377,-0.5421,0.23428
1.6945,-1.1074,-0.93209,-0.72386,0.084816,0.58759
1.7189,-0.58829,-0.41695,-0.68015,-1.01,-0.043654
1.1896,-1.4924,-0.22746,-1.0822,0.2049,0.47789
1.2048,0.61105,0.33041,-1.6982,-0.86254,-0.2124
1.6108,-1.2452,-0.51474,-0.63328,-0.41708,0.21547
1.7853,-0.64591,-0.54934,-0.72669,-0.88564,0.15142
1.727,-1.0157,-0.36016,-0.60612,-0.73952,0.024318
1.7858,-1.1179,-0.92648,-0.28032,-0.32157,0.15588
2.1917,-0.54509,-0.58848,-0.36768,-0.62028,-0.15866
1.5821,-0.56308,-0.46595,-0.93917,-0.86701,0.10507
1.5659,-0.99557,-0.52636,-0.70542,-0.81183,0.59915
1.7255,-0.041491,-0.91518,-0.93844,-0.70279,-0.026492
1.764,-0.67535,-0.41879,-0.84339,-0.81866,0.058386
1.4736,-0.98059,0.18755,-0.77598,-1.0673,0.12604
1.5433,-1.09,-0.37471,-0.78095,-0.67106,0.30832
1.8552,-0.55006,-0.26495,-1.0426,-0.72987,-0.019525
1.7856,-0.40622,-0.89533,-0.58513,-0.81687,0.003997
1.5526,-0.019515,-0.39212,-1.2182,-0.89697,-0.092712
1.1638,-1.7581,-0.31495,0.28387,-0.6779,0.47018
0.95555,-1.4896,-0.49906,-0.099143,-0.67445,1.4144
1.4546,-0.73515,-0.073602,-0.6189,-0.7897,1.3915
1.6986,-1.2686,-0.37551,0.99682,-0.31916,-0.34484
1.3028,-1.3386,-0.55516,-0.1014,-0.67417,1.3173
1.4319,-1.8199,0.056708,0.62822,-0.46153,0.001474
0.47272,-1.7132,-0.91622,-0.13158,0.43367,0.73121
1.2352,-1.7966,-0.062241,0.41659,-0.76733,0.53973
1.928,-1.1381,-0.58318,0.056551,-0.73121,0.22585
1.9373,-1.0947,-0.42304,-0.1655,-0.82344,0.31656
1.5799,-1.7751,-0.13612,0.28206,-0.37217,0.093242
0.27398,-1.9593,-0.67495,0.18987,0.61674,0.83752
1.8578,-1.2863,-0.3381,0.062704,-0.19952,0.5563
1.2983,-1.615,0.082606,-0.51777,-0.49832,0.17703
1.5749,-1.3772,-0.80793,0.42683,-0.65487,0.35693
0.90605,-2.075,-0.28446,0.34709,-0.019379,0.42448
1.4219,-1.7233,-0.52233,0.28315,-0.41498,0.36212
1.5674,-1.6452,-0.3859,0.23901,-0.45924,0.64676
1.0964,-1.7286,-0.52935,0.075671,-0.43412,1.0603
1.4639,-1.3117,-0.83607,-0.48548,-0.23891,0.42747
1.2322,-1.9909,-0.16637,0.19763,-0.16856,0.3442
1.28,-1.6501,-0.73167,0.30504,-0.42465,0.40536
1.3848,-1.7739,-0.063955,0.67558,-0.49573,-0.17335
1.349,-1.6291,-0.55087,0.76803,-0.58913,0.5175
1.7211,-1.3482,-0.44398,0.70681,-0.71272,0.11761
1.2444,-1.7738,-0.64249,0.48122,-0.22046,0.14144
1.2667,-1.7345,-0.6053,0.25806,-0.42612,0.58859
1.364,-1.5507,-0.59239,0.35177,-0.50414,1.0006
1.0586,-1.7795,-0.4801,1.0393,-0.45343,0.24773
1.1303,-1.6297,-0.74477,0.44622,-0.55584,0.88585
1.873,-1.4769,-0.3028,0.042197,-0.30714,-0.14642
1.0621,-2.0222,-0.2909,0.41662,-0.16325,0.5033
1.2066,-1.996,0.58691,0.37234,-0.046677,0.12194
1.2645,-1.9466,0.11679,0.6703,-0.34357,0.15281
1.0841,-1.8406,-0.48562,0.38644,-0.38299,0.3567
1.6628,-1.5618,-0.80752,0.13415,0.18487,0.28525
1.2504,-1.6667,-0.67334,0.44624,-0.51273,0.38451
1.5431,-1.2781,-0.83926,0.54393,-0.79381,0.50009
1.4572,-1.4796,-0.23488,0.27735,-0.97453,0.20322
0.81417,-1.7917,-0.5435,0.45115,-0.44868,0.38939
2.0534,0.32719,-1.028,-0.67461,-0.24244,-0.14265
1.7055,0.20003,0.15696,-1.0997,-1.3046,0.33957
1.9512,-0.7265,0.64062,-0.36626,-0.82253,-0.66611
1.9566,-0.65056,0.64208,-0.47996,-0.71125,-0.77451
1.9693,0.73446,-0.24305,-0.56252,-0.6066,-0.59653
1.9335,0.075266,0.60589,-0.34521,-0.94142,-0.6372
1.8846,0.52057,-0.21284,0.26693,-0.6729,-0.81487
1.8835,0.05538,0.57522,-0.21387,-1.1673,-0.38137
2.1696,0.13822,-0.086002,-0.50839,-0.62564,-0.43272
1.7816,0.62732,0.034375,-1.1821,-0.92825,-0.40808
1.854,0.77155,-0.71413,-1.0452,-0.36267,-0.020975
1.9192,-1.0336,0.11806,0.5966,-0.41066,-0.62854
1.7981,0.26404,0.61563,-0.056168,-0.97495,-0.7574
1.8838,-0.22973,0.72278,-0.75952,-1.0701,-0.22718
1.8456,-0.09403,0.54503,0.18334,-0.53589,-0.77502
2.0888,-0.74914,0.1871,0.14416,-0.7822,-0.36245
1.9792,0.70268,-0.53622,-0.36759,-0.36889,-0.56824
1.9666,0.57333,0.058621,-0.56732,-0.93519,-0.58821
2.0389,-0.15031,0.53532,-0.77287,-0.68462,-0.4675
2.1944,-0.3713,-0.41551,-0.28738,-0.85867,-0.23082
2.034,0.25302,0.029037,-0.42096,-0.58792,-0.1949
1.8738,0.013653,0.4908,-0.093702,-1.2511,-0.78108
2.0745,-0.086069,0.26487,-0.59874,-0.78917,-0.79529
2.0306,0.051723,0.41692,-0.8879,-0.42479,-0.71009
1.4862,0.35119,0.38731,-1.1117,-0.67578,-1.1486
1.9364,-0.58173,0.59676,-0.5673,-0.89767,0.15027
2.1839,-0.057249,-0.020653,-0.46446,-0.81932,-0.44191
1.8906,0.082802,0.59976,-0.74264,-0.95376,-0.76501
1.903,0.83149,-0.38357,-0.74769,-0.36623,-0.8206
1.8295,0.7815,-0.51455,-1.212,-0.47141,-0.22641
1.7607,0.065836,0.87283,-0.41427,-0.76574,-1.0926
2.1045,-0.52949,0.41791,-0.67132,-0.66043,-0.40331
2.0465,-0.73623,0.42953,-0.85514,-0.52438,-0.26473
1.6297,-0.675,0.79527,0.40408,-0.15326,-0.81641
2.1811,-0.16749,-0.47326,-0.75511,-0.61231,0.037624
1.9309,-0.22287,0.25322,-0.54792,-1.102,-0.70104
1.832,0.56052,0.13004,-1.0912,-1.0125,-0.27671
2.0025,0.13356,0.40076,-0.97683,-0.66803,-0.36379
1.9988,0.19527,0.2363,-0.17838,-0.56991,-0.57666
2.2342,-0.30219,-0.34572,-0.29573,-0.74712,-0.31661
2.0105,0.51501,-0.097573,-0.31668,-0.84673,-0.8142
2.0469,0.028482,-0.064348,-0.80641,-1.018,-0.31833
2.0535,0.17161,0.021534,-0.34952,-0.6353,-0.16648
1.8686,0.33821,0.18631,-1.1663,-0.80326,-0.57516
2.1454,-0.27946,0.0763,-0.66766,-0.87633,-0.29958
2.046,0.18499,0.14722,-0.2853,-0.82097,-0.32459
1.945,0.63409,-0.023999,-0.3998,-0.53135,-0.64795
1.9664,0.19315,0.52646,-0.62612,-0.70643,-0.59921
1.8844,0.55851,0.25592,-0.34397,-0.72368,-0.5929
1.9647,0.18063,0.38356,-0.14916,-0.8855,-0.88364
2.0584,-0.19119,-0.21529,0.30593,-0.19902,-0.87757
1.9903,-0.074262,0.61584,-0.45098,-0.62419,-0.73756
2.1325,-0.75042,-0.29202,0.18624,-0.59237,-0.6458
2.0803,-0.14067,-0.41726,0.36838,-0.41782,-0.53191
2.1366,-0.71859,0.11166,0.06512,-0.38584,-0.70973
1.9551,0.49278,0.15784,-0.50772,-1.0387,-0.45247
1.8571,-0.64222,0.46439,-0.47717,-1.1756,0.38239
2.2384,-0.26558,-0.1393,-0.58889,-0.57023,-0.33187
2.1144,-0.062418,0.19332,-0.33096,-0.77513,-0.31574
1.9874,-0.21909,0.41096,-0.60506,-1.1397,-0.40949
1.8947,-0.49706,0.010273,0.63779,-0.19132,-0.92995
2.149,-0.29014,0.029618,-0.90565,-0.58786,-0.36016
1.8702,-0.2357,-0.16203,-0.341,-0.98545,0.74023
2.0453,-0.199,-0.30542,0.46377,-0.70986,-0.8989
1.9046,0.413,0.40094,-0.67273,-1.0409,-0.51445
0.88617,1.6869,0.2705,-0.30079,-1.0303,-0.76925
1.7803,0.87748,-0.030005,-0.30865,-0.96343,-0.43585
1.6314,1.0945,0.082394,-0.53897,-0.98457,-0.79858
1.7184,1.0651,-0.2308,-0.23768,-0.81826,-0.66779
1.7571,0.56261,0.57144,-0.39806,-0.98919,-0.72462
1.1862,1.0643,0.33979,-1.4592,-0.43954,0.28001
1.4272,1.0624,0.49924,-0.31711,-0.85877,-0.67901
1.3286,1.3456,0.29604,-0.4314,-0.80937,-0.86907
1.8314,0.93018,-0.18835,-0.57945,-0.85808,-0.44879
1.3786,0.98384,0.53872,-1.0851,-1.1709,-0.52835
1.7166,0.9426,0.019699,-0.61426,-1.1176,-0.26197
1.5406,0.82156,0.68369,-0.45569,-0.8919,-0.98906
1.3874,0.44754,0.79628,0.16294,-0.30095,-1.1585
1.7323,0.94193,0.10881,-0.45732,-0.94179,-0.53989
1.3979,0.64372,1.0712,-0.5643,-0.85829,-0.83303
1.5012,1.0088,0.45628,-0.32613,-0.6558,-1.0797
1.6319,0.94015,0.41351,-0.62368,-0.82128,-0.64438
1.3465,0.84317,0.93302,-0.46539,-0.84519,-0.77812
1.7852,0.77309,0.31395,-0.56017,-0.65981,-0.86201
1.3582,1.3182,0.27702,-0.39243,-0.83454,-0.85515
0.59198,1.3178,1.1616,-0.54773,-0.77541,-1.1332
1.4838,0.96115,0.62204,-0.45689,-0.94112,-0.81776
1.0533,1.2814,0.64481,-1.0879,-1.1037,-0.63941
1.6279,1.0515,0.22713,-0.64336,-0.89094,-0.8337
0.64857,1.0183,1.0744,0.13149,-0.41235,-0.93542
1.3471,0.85183,0.85056,-0.92846,-1.202,-0.51934
1.0843,1.4611,0.33784,-0.25359,-0.61289,-0.78289
1.787,0.73847,0.31486,-0.68642,-0.9629,-0.43013
1.6155,0.62614,0.8058,-0.79935,-0.84147,-0.78248
1.583,0.39061,0.92146,-0.21202,-0.94543,-0.72065
1.2699,1.4717,0.077169,-0.31961,-0.77389,-0.9768
-0.71756,1.3112,1.4442,0.18319,-0.72731,-0.71657
1.2901,0.95677,0.90273,-0.5074,-0.77884,-0.88033
0.83411,1.3263,0.99579,-0.90639,-0.86344,-0.80637
1.8277,0.83786,-0.053432,-0.26274,-0.83456,-0.61329
0.8989,1.7606,0.1247,-0.38723,-0.81431,-0.86589
1.7076,0.64011,0.4157,-1.2695,-0.19186,-0.70311
-0.78633,1.1326,1.6171,-0.070924,-0.21376,-0.94849
1.366,1.0635,0.68818,-0.52625,-0.95972,-0.82042
1.6144,0.99637,0.36428,-0.58583,-0.89198,-0.8141
-0.97714,-1.0955,-1.0857,0.66472,1.0285,0.51676
-1.4028,-0.97117,-0.38906,-0.15695,1.1847,0.82386
-1.5614,-0.70497,-0.4289,-0.089461,0.51204,1.0171
-0.87619,-0.9233,-0.94718,-0.40535,0.98557,1.0944
-0.90847,-1.0298,-0.97488,-0.11674,0.77416,1.0708
-0.90549,-1.281,-0.78309,0.53727,1.3482,0.20138
-0.98319,-1.1363,-0.8139,-0.039306,1.2849,0.88182
-1.199,-1.026,-0.90617,0.55687,1.1694,0.59303
-1.6817,-0.97901,-0.2496,0.59028,0.84815,0.7288
-1.069,-1.2423,-0.50304,-0.054408,1.3872,0.60637
-0.97987,-1.2001,-0.91501,0.89568,1.1457,0.31165
-0.78167,-1.466,-0.70876,0.12384,1.1073,0.92488
-0.84156,-1.0006,-1.0373,-0.1466,0.73655,1.0224
-0.82243,-0.92242,-1.0699,-0.29096,0.94733,0.9875
-1.1041,-1.1746,-0.7741,0.19023,1.0932,0.83236
-1.0251,-1.0221,-0.9006,0.21935,0.35641,1.415
-1.1046,-1.1595,-0.73914,0.17103,1.0033,1.2151
-0.97713,-1.2645,-0.75525,0.07162,1.0788,0.95666
-1.281,-1.2555,-0.31297,0.022587,0.82804,0.97843
-0.96373,-1.1473,-0.95405,0.18665,1.0807,0.78426
-1.4051,-1.3127,-0.18137,0.53652,0.76294,1.0452
-0.94492,-0.97629,-0.99738,-0.10291,0.75018,1.079
-0.91278,-1.3719,-0.75862,0.28957,1.1655,0.84831
-0.84071,-1.3212,-0.95963,0.61456,1.1557,0.69113
-1.6045,-0.8672,-0.4714,0.33302,1.07,0.83959
-0.90526,-1.1933,-0.94286,0.1286,1.0213,0.84796
-1.1072,-1.2007,-0.77463,0.33133,1.0973,0.98628
-1.2659,-0.76436,-0.88133,-0.050219,1.1172,1.1281
-1.6912,-0.97237,-0.10104,0.55875,1.1158,0.67349
-1.4519,-0.75287,-0.59235,-0.14765,1.1755,0.9375
-1.3775,-0.93014,-0.5045,-0.15924,0.95358,0.931
-0.94804,-1.2039,-0.80746,-0.020428,1.0966,1.0503
-1.4747,-0.86091,-0.65013,0.21799,0.80944,0.83583
-1.1119,-1.0362,-0.94998,0.33209,0.93555,0.66351
-1.5621,-0.69471,-0.37203,-0.073217,0.34462,1.0448
-1.052,-0.97786,-0.98383,0.19478,1.3581,0.63082
-1.3668,-0.9649,-0.51227,-0.095747,1.1506,0.94357
-1.4603,-0.98453,-0.46674,0.19739,0.96453,1.1752
-1.2282,-1.0526,-0.87194,0.5085,0.86725,0.75847
-1.1581,-1.1217,-0.86801,0.45736,0.80271,0.86671
-0.98005,-0.98252,-1.1576,0.34368,0.90901,0.7819
-0.95905,-0.56035,-1.2145,-0.34859,1.0686,1.0016
-1.2849,-1.2045,-0.5727,0.39193,0.82506,0.79238
-1.1207,-0.83061,-1.0153,-0.025632,0.8848,0.95686
-0.60466,-0.91607,-0.80882,-0.79056,0.64678,1.097
-0.70084,-0.88023,-0.69161,-0.71057,0.35092,1.0306
-1.3852,-0.32943,-1.151,0.27123,1.3249,0.71584
-0.26719,-1.4737,-1.0817,0.060458,0.88041,0.80406
-0.73995,-0.73283,-1.284,-0.21696,0.77597,0.78054
-1.0241,-1.0877,-1.067,0.55419,0.89346,0.75209
-1.0506,-1.1248,-0.94351,0.42574,0.76423,0.7246
-1.259,-1.2262,-0.44563,0.36121,1.1283,1.0885
-1.0397,-1.1823,-0.80146,0.60434,0.94343,0.22079
-1.5808,-0.9574,-0.37083,0.28673,1.0418,0.91348
-1.4084,-1.4172,0.55725,0.12239,1.0254,0.60037
-1.0809,-1.0166,-0.97495,0.2302,1.1206,1.0297
-1.3894,-0.77525,-0.24693,-0.1519,0.019656,0.9994
-0.94676,-1.2682,-0.90294,0.74038,0.99443,0.99703
-1.0711,-1.1029,-0.82009,0.063251,0.9653,0.76379
-1.063,-0.9794,-0.95732,0.030959,1.1819,0.89456
-1.1119,-1.098,-0.85492,0.31391,1.2246,0.94233
-0.73275,-1.4732,-0.70683,0.067701,0.91716,0.75307
-1.205,-0.93423,-0.97304,0.30804,0.84438,0.9761
-0.98946,-0.90627,-1.0325,-0.10644,1.1425,0.83061
-0.7495,-1.2042,-0.78518,-0.25119,1.4087,0.59855
-1.0406,-1.1328,-0.98015,0.57031,0.67227,0.76842
-1.5957,-0.85004,-0.35764,0.11458,0.77285,0.67721
-0.9817,-1.0961,-1.043,0.78069,1.1101,0.88773
-1.0473,-1.0733,-1.0131,0.39533,0.91144,0.72722
-1.1733,-0.84918,-0.98508,0.091683,1.1568,0.74142
-0.85828,-1.1684,-1.0767,0.3731,0.98849,0.64135
-0.68259,-1.1407,-1.1224,-0.035532,0.99782,1.0599
-0.98508,-1.242,-0.89793,0.43246,0.87427,0.71373
-1.6864,-0.22739,-0.68841,-0.12012,0.70128,0.8081
-1.0253,-1.0556,-0.91439,0.045701,0.91535,0.80577
-1.0028,-1.113,-1.0431,0.46373,0.84372,0.81042
-1.5619,-0.67495,-0.4955,-0.1664,1.0053,0.8273
-0.9162,-1.0796,-0.75839,-0.2282,1.2451,0.4759
-1.1288,-1.1445,-0.61742,-0.043893,0.7133,0.94206
-1.1222,-0.75661,-0.77997,-0.47005,1.1395,0.81924
-1.0199,-1.1213,-0.8999,0.101,1.0056,0.95736
-1.0241,-0.7246,-0.47628,0.1825,1.1701,1.5354
-1.5313,-0.73545,-0.6246,0.12733,0.7199,0.79773
-1.718,-0.58269,-0.36473,-0.026969,0.79545,0.68061
-0.83647,-1.6504,-0.32528,0.19121,1.1167,0.58498
-1.1925,-1.4068,-0.29966,0.21453,1.0568,0.91854
-1.3851,-0.97484,-0.53524,0.053968,1.2412,0.90276
-0.82107,-1.2017,-0.98759,0.092808,1.0165,0.7812
-0.55775,-1.3627,-1.0232,0.070195,0.90794,0.87253
-1.138,-1.1562,-0.84612,0.47296,0.93342,0.7027
-0.89517,-1.0945,-1.1484,0.39846,0.95467,0.7947
-1.2018,-0.72715,-0.83626,-0.32965,1.1453,0.91715
-1.2301,-0.71632,-0.94443,0.1575,1.5239,0.56445
-1.1926,-0.98641,-0.67967,-0.071419,1.0585,0.57131
-0.96886,-1.2335,-0.97333,0.61706,0.90381,0.71417
-0.99963,-1.2296,-0.89226,0.6336,1.1277,0.89758
-0.93627,-0.94231,-0.76051,-0.51271,0.93569,0.93041
-1.6941,-0.97154,-0.16117,0.42966,0.95025,0.60989
-1.0748,-0.66727,-1.1217,-0.11738,0.81858,0.83706
-0.92711,-1.2218,-0.89621,0.15263,1.095,0.95681
-1.0633,-1.1697,-0.84463,0.21049,0.95141,0.917
-1.813,-0.56115,-0.49573,0.60368,0.91997,0.54046
-1.2723,-1.1967,-0.59214,0.53138,0.94928,1.0783
-0.81137,-0.91906,-0.9933,-0.22469,1.1977,0.37893
-0.942,-1.1464,-0.99455,0.34214,0.88809,0.62029
-0.97223,-1.2619,-0.87745,0.38792,0.95188,0.70409
-1.1384,-0.87346,-0.99195,0.1296,0.96003,0.65174
-1.6412,-0.60886,-0.64561,0.1809,0.82661,0.84319
-1.3569,-0.90249,-0.6155,-0.032242,1.2816,0.83199
-1.0228,-1.1322,-0.88736,0.1743,1.1638,1.0063
-0.96476,-1.111,-0.88031,-0.028083,0.84659,0.89856
-1.0764,-1.1493,-0.67987,0.16202,0.36925,0.99049
-0.29551,-1.2103,-1.3067,-0.037462,1.0935,0.86358
-1.4134,-0.91602,-0.64491,0.13235,0.89055,0.84765
-1.8484,-0.12637,-0.30499,-0.18017,0.59304,0.5166
-0.91138,-0.84953,-1.1997,-0.014804,0.90045,0.88843
-1.4668,-0.92074,-0.68445,0.49707,1.0098,0.63975
-0.93758,-1.3055,-0.72042,0.053654,1.0758,0.75046
-1.3942,-1.2327,-0.29925,0.32628,1.0815,0.85424
-1.3623,-0.80718,-0.73962,-0.012533,1.2142,0.77116
-0.88863,-1.3006,-0.88206,0.25156,1.0344,0.80906
-1.566,-0.62152,-0.71419,0.17189,1.179,0.65515
-1.0982,-1.2853,-0.69981,0.33372,1.0327,0.84446
-0.72719,-0.76289,-0.83774,-0.86084,0.8944,1.2325
-1.0303,-1.0304,-0.89452,-0.010375,1.2904,0.90155
-1.3026,-0.4848,-0.84318,-0.38202,1.1555,0.65293
-1.461,-1.1002,-0.38992,0.28455,1.0355,0.7163
-1.3511,-1.2267,-0.26971,0.15181,0.83147,0.66292
0.039085,-1.2469,-1.3708,-0.16835,0.9985,0.80046
-1.1766,-0.71132,-0.96005,-0.17226,1.2272,1.0457
-1.3588,-1.0319,-0.62478,0.30519,1.2162,0.81845
-1.3136,-0.95107,-0.71889,0.22183,1.3273,0.7991
-1.2836,-1.0841,-0.76002,0.63327,1.1193,0.68431
-0.67164,-1.0039,-0.76452,-0.74018,1.067,0.91977
-1.2172,-0.28574,-1.3746,0.63432,1.2115,0.78484
-1.7697,-0.90429,0.041052,0.21137,0.97834,0.66985
-1.4774,-0.93003,-0.36646,0.15881,1.1432,0.28712
-1.1681,-1.0977,-0.89069,0.54412,1.0547,0.867
-1.1078,-0.93142,-1.1063,0.5126,0.87851,0.64509
-1.2349,-1.0353,-0.8086,0.24568,0.86323,0.94272
-0.94525,-1.1737,-0.95156,0.30025,1.0089,0.59414
-1.0127,-0.98424,-1.0903,0.30103,0.90007,0.68093
-1.3001,-0.90807,-0.54351,-0.2875,1.1502,0.94809
-1.4289,-0.80348,-0.67843,0.08895,1.2916,0.81704
-1.2449,-0.97188,-0.78722,0.075443,1.0799,0.97565
-1.0501,-1.0882,-0.93042,0.33468,1.2745,0.88127
-1.5257,-0.74516,-0.78365,0.56132,1.0397,0.5679
-1.0326,-0.98855,-1.016,0.14484,0.91515,0.75292
-1.1578,-0.3159,-0.56273,-0.50263,-0.165,0.96003
-1.2783,-0.70003,-1.132,0.42567,0.94613,0.80983
-1.2707,-1.0467,-0.68488,0.11219,1.0898,0.89504
-0.70744,-1.2621,-0.94649,-0.077089,1.105,0.91724
-1.335,-0.86933,-0.80435,0.15132,1.1374,0.76168
-1.1815,-1.3721,-0.33955,0.29487,1.0616,1.0934
-1.4453,-1.0043,-0.48935,0.16504,0.94611,0.72652
-1.3186,-1.0033,-0.62582,0.05264,0.889,0.83285
-1.2157,-1.0272,-0.75348,0.13793,1.2759,0.80269
-1.1664,-0.98091,-0.93894,0.26436,1.0685,0.72374
-1.0637,-1.008,-0.92575,0.17618,1.0425,0.50479
-1.1331,-0.97698,-0.92846,0.11475,1.0257,0.82097
-1.034,-1.0424,-1.0332,0.36164,0.91275,0.66385
-1.5502,-0.24512,-0.24066,-0.81782,0.80805,0.84331
-1.0731,-0.93007,-1.1478,0.47317,1.0073,0.70862
-1.0624,-0.83182,-1.1204,0.23812,1.0927,0.48417
-1.0644,-0.63905,-0.80982,-0.66059,1.0236,1.017
-1.3868,-0.91493,-0.69885,0.22136,1.0929,0.63577
-1.0446,-1.0557,-1.0188,0.31479,0.89533,0.82498
-1.0343,-0.94286,-1.0301,0.19798,0.64124,0.78442
-0.84299,-0.99723,-0.82454,-0.43241,0.8742,0.80081
-0.98479,-1.1676,-0.97208,0.34668,1.0664,0.84765
-1.5308,-0.92655,-0.55565,0.47214,1.1219,0.73222
-1.0406,-0.97244,-1.0895,0.3002,0.97923,0.71961
-1.5335,-0.90224,-0.60991,0.43551,0.84157,0.89831
-0.9753,-1.2115,-0.88553,0.2683,1.0199,0.67602
-1.0493,-0.92615,-1.1379,0.40376,1.0544,0.60185
-1.2007,-1.095,-0.87669,0.78773,1.0151,0.71356
-1.2894,-0.75653,-0.535,-0.27509,1.0524,0.32339
-0.94993,-1.0833,-0.97725,0.049107,0.94385,0.8664
-0.9956,-1.2179,-0.65203,-0.11117,0.89727,0.79374
-0.96571,-1.0261,-1.0172,0.12207,0.96347,0.65604
-1.0798,-0.93694,-0.88548,-0.15923,0.89838,1.0867
-1.0265,-1.0941,-1.0363,0.60888,1.0234,0.54441
-1.0386,-1.4146,-0.51369,0.29027,1.1527,0.9646
-1.109,-1.0847,-0.95101,0.89988,0.63987,0.50091
-1.1089,-0.81205,-1.1085,0.11945,0.81342,0.98421
-0.47972,-1.407,-0.68577,-0.45568,0.81832,1.0862
-1.1227,-0.95791,-1.0047,0.23661,0.81432,0.907
-0.82928,-1.0385,-0.77211,-0.052944,1.3755,-0.002776
-1.0973,-0.95708,-1.0413,0.28562,0.87486,0.77254
-1.267,-0.96375,-0.84028,0.27681,1.1544,0.76484
-1.3072,-1.0349,-0.80567,0.67315,1.0418,0.66207
-1.7159,-0.29223,-0.65135,-0.015595,1.2175,0.75394
-1.6088,-0.91675,-0.25185,0.19674,1.1536,0.95859
-1.1328,-1.1704,-0.84348,0.61533,0.89296,0.57688
-1.203,-1.0136,-0.80507,0.11962,1.1569,0.84433
-1.0869,-1.1068,-0.9736,0.49907,0.99588,0.77922
-0.6449,-1.0402,-1.2818,0.098088,1.0399,0.69587
-1.0082,-0.96744,-1.165,0.5366,0.99146,0.56205
-1.5826,-1.0331,-0.25439,0.35899,1.134,0.69978
-0.95547,-0.90505,-0.92558,-0.32627,0.87641,0.98203
-1.3203,-1.2956,-0.26364,0.50894,1.2818,0.46121
-0.98481,1.0096,1.565,0.056663,-0.89963,-0.85839
-1.6267,0.19382,1.116,0.75008,0.82289,-0.77369
-1.4907,1.0116,-0.96528,-0.26653,1.0864,-0.12143
-2.0252,0.30175,-0.068474,1.0191,0.86094,0.053424
-2.2006,0.23641,0.31351,0.43674,0.8395,0.050123
-1.9822,-0.42623,0.15428,0.76265,0.97451,0.57518
-1.38,1.649,-0.13903,-0.39555,-0.6775,0.086127
-2.0035,-0.52194,0.16271,0.85412,0.86696,0.31062
-2.0659,-0.46318,0.17909,0.38602,0.80151,0.48479
-1.7977,-0.9428,0.092056,0.71948,0.7211,0.83181
-1.8859,1.2351,0.59666,0.084604,0.19228,-0.60784
1.7553,-0.78287,0.30377,0.31512,1.2893,-0.041177
-2.1878,0.61767,0.43454,0.23889,0.7569,0.11089
-1.8386,-0.72803,0.12676,0.69355,1.1831,0.41264
-2.2502,0.16409,0.40195,0.42942,0.48797,0.25773
-1.8551,-0.91544,0.61279,0.526,0.8587,0.51317
-1.8764,-0.75243,0.19566,0.84674,0.93201,0.52088
-2.0969,-0.33134,0.39137,0.80448,0.74033,0.35495
-1.5371,-1.0758,-0.071501,0.95429,1.1679,0.4263
-1.9223,-0.013774,0.44051,0.75628,0.79423,0.64569
-1.5868,-0.64583,0.072675,0.9669,1.1799,0.61187
-1.7324,-0.017561,0.45908,1.2246,0.87143,-0.082834
-1.6661,-0.1812,0.005246,1.0973,1.0525,0.49111
1.7573,-0.84057,0.037734,0.97375,1.0537,0.22368
-1.4983,-1.0916,0.25694,0.99431,1.0001,0.64437
-1.5661,-0.33913,0.20613,1.1767,0.87202,0.59456
-1.7943,-0.21246,-0.000183,1.052,1.1699,-0.45166
-2.1283,0.18892,1.0284,0.36925,0.45582,-0.077931
-2.1102,0.38617,-0.18937,0.67412,0.8676,0.39299
-2.1135,0.37417,0.59145,-0.33951,0.80808,0.4883
-2.11,0.044368,1.1121,0.29736,0.29464,-0.004349
-0.61324,-1.7694,0.86717,0.94204,0.8926,-0.10385
-2.2154,0.34626,0.017187,0.43956,0.64137,0.1982
-1.0839,1.573,1.1399,-0.91158,-0.21704,-0.40575
-2.1738,0.60138,0.86455,0.17482,0.34102,0.093182
-1.4226,1.2489,1.2627,-0.68858,0.17261,-0.56401
-1.7539,1.1249,1.1451,-0.34265,0.046674,-0.42885
-1.5259,-1.1339,-0.13233,1.2068,0.73704,0.49243
-1.5803,-0.78583,-0.25092,1.2193,1.1243,0.26727
-1.5983,-0.28306,0.15816,1.2891,1.1761,-0.47109
-1.7678,-0.10185,-0.34486,0.12234,1.3148,0.98013
-2.1306,0.59411,0.39751,0.1407,0.9187,0.24305
-2.0739,-0.43221,0.2746,0.49614,0.93146,0.39798
-1.8277,-0.76489,0.038905,0.28348,1.1715,0.45849
-2.0602,0.89408,0.56422,0.51657,0.51998,-0.27273
-1.1813,-1.0717,-0.039559,0.94373,1.2273,0.78536
-1.7952,1.3354,0.57064,0.47522,0.25367,-0.5331
-1.9615,-0.37479,-0.31822,0.40442,0.94355,0.61264
-1.758,-0.73465,-0.14583,0.80903,1.1957,0.49528
-1.8357,0.40766,0.4332,0.63415,1.1274,-0.77653
-2.1132,0.052584,0.22509,0.54051,1.0795,0.11701
-2.0372,-0.29482,0.27709,0.042246,1.1154,0.586
-1.707,-1.0252,0.009181,0.64021,0.87964,0.85415
-1.8874,-0.65525,0.031766,1.0789,0.79602,0.25799
-1.7938,1.1515,0.92723,0.30024,0.30139,-0.5497
-1.7438,0.18452,-0.30953,0.69292,1.3374,0.44246
-2.1839,-0.019474,0.16633,0.33942,0.84279,0.50427
-2.0268,-0.13214,-0.29946,0.2764,0.93091,0.79786
-1.8466,-0.071625,0.089712,1.0708,1.073,0.18097
-2.0753,0.1232,0.54566,0.62653,0.68016,0.55985
-1.9288,0.64189,0.57925,0.95218,0.51837,-0.1999
-1.8802,-0.67177,0.54078,0.73386,0.93898,0.51828
-1.5986,-0.3093,0.22585,-0.10904,1.3861,-0.59836
-2.0213,-0.4843,0.41876,0.66826,0.9395,0.41349
1.7119,-0.60914,-0.20375,-0.96296,-0.90871,0.95037
1.8145,-0.32953,-0.47918,-0.87703,-0.91596,-0.081485
1.9959,-0.37514,-0.26375,-1.0953,-0.68104,0.044522
2.0754,-0.50889,-0.19393,-0.26232,-1.0232,-0.41526
1.8302,-0.62165,-0.31325,-0.96276,-0.75681,0.008179
1.0005,-0.6518,-0.24681,-0.74065,-1.3435,0.67888
1.8898,-0.9023,-0.22906,-0.35569,-1.0053,-0.04756
2.0814,-0.22121,-0.25034,-0.34487,-1.0977,-0.41393
2.121,-0.44428,-0.23897,-0.23089,-0.84573,-0.63496
1.8734,-0.45056,-0.75651,-0.60694,-0.87892,0.064482
1.626,-1.3199,-0.14574,-0.44816,-0.80591,0.27819
1.659,-1.2197,-0.29684,-0.52891,-0.73301,0.222
1.3834,-1.2981,-0.093791,-0.7435,-0.7093,0.36422
1.8314,-0.88658,-0.31899,-0.51952,-0.92864,0.031839
1.7094,-0.033729,-0.044049,-0.87161,-1.3095,-0.19931
-1.4938,-1.2086,-0.14522,-0.83707,-0.65204,0.32055
1.7194,-1.2034,-0.33784,-0.47291,-0.68603,0.099198
1.7565,-0.18665,-0.38859,-1.0572,-0.96124,0.008242
1.6766,-0.77824,-0.18095,-0.90695,-0.85217,0.041622
1.683,-0.63339,-0.45588,-0.9851,-0.74092,0.12
1.8269,-0.17089,-0.54278,-0.9494,-0.86761,-0.11544
1.6582,-0.35149,-0.31436,-0.8423,-1.1318,-0.03614
1.5575,-0.68478,-0.24361,-1.0576,-0.84606,0.19043
1.6474,-0.15419,-0.77023,-0.81747,-1.021,0.14786
1.4173,-1.0564,-0.23711,-0.72277,-0.88721,0.29309
-0.04003,-0.90392,-0.36897,-0.50931,-0.45749,0.14539
1.7282,-0.23972,-0.43993,-1.0115,-0.94207,-0.017557
1.7612,-0.73705,-0.2812,-0.75202,-0.91472,-0.010768
1.6221,-1.1613,-0.3018,-0.75452,-0.59775,0.21562
1.6318,-0.88547,-0.28356,-1.0078,-0.65251,0.20242
1.7801,-0.22868,-0.63547,-0.80128,-0.9181,-0.13095
1.7918,-0.2114,-0.49446,-1.0684,-0.80153,-0.0603
1.6947,0.59008,-1.0564,-0.64629,-1.0408,0.059378
1.6639,-1.1499,-0.37951,-0.35944,-0.74182,-0.072631
1.6809,-1.0811,-0.38902,-0.36996,-0.77413,-0.11767
1.7688,0.25599,-0.12305,-0.63803,-1.0179,-0.93449
1.901,-0.18525,-0.40653,-0.78586,-1.0379,-0.16661
1.8046,-0.21459,-0.43202,-0.84394,-1.0937,0.003505
1.855,-0.48896,0.36956,-0.64939,-0.99421,-0.6661
1.7072,0.32896,-1.0875,-1.1191,-0.17739,-0.30053
1.2684,-0.79035,-0.64857,-1.1279,-0.25541,0.14389
1.6413,-0.45773,-0.87338,-0.99872,-0.51314,0.18184
1.5898,-0.53637,-0.33651,-0.95338,-0.89208,-0.039898
1.619,-0.91635,0.03193,-0.80377,-0.84988,-0.1518
1.6639,-0.2978,-0.40879,-0.9681,-0.9014,-0.18022
1.5429,-1.2248,-0.004573,-0.94377,-0.5421,0.23428
1.6945,-1.1074,-0.93209,-0.72386,0.084816,0.58759
1.7189,-0.58829,-0.41695,-0.68015,-1.01,-0.043654
1.1896,-1.4924,-0.22746,-1.0822,0.2049,0.47789
1.2048,0.61105,0.33041,-1.6982,-0.86254,-0.2124
1.6108,-1.2452,-0.51474,-0.63328,-0.41708,0.21547
1.7853,-0.64591,-0.54934,-0.72669,-0.88564,0.15142
1.727,-1.0157,-0.36016,-0.60612,-0.73952,0.024318
1.7858,-1.1179,-0.92648,-0.28032,-0.32157,0.15588
2.1917,-0.54509,-0.58848,-0.36768,-0.62028,-0.15866
1.5821,-0.56308,-0.46595,-0.93917,-0.86701,0.10507
1.5659,-0.99557,-0.52636,-0.70542,-0.81183,0.59915
1.7255,-0.041491,-0.91518,-0.93844,-0.70279,-0.026492
1.764,-0.67535,-0.41879,-0.84339,-0.81866,0.058386
1.4736,-0.98059,0.18755,-0.77598,-1.0673,0.12604
1.5433,-1.09,-0.37471,-0.78095,-0.67106,0.30832
1.8552,-0.55006,-0.26495,-1.0426,-0.72987,-0.019525
1.7856,-0.40622,-0.89533,-0.58513,-0.81687,0.003997
1.5526,-0.019515,-0.39212,-1.2182,-0.89697,-0.092712
-0.71756,1.3112,1.4442,0.18319,-0.72731,-0.71657
-0.78633,1.1326,1.6171,-0.070924,-0.21376,-0.94849
-1.8484,-0.12637,-0.30499,-0.18017,0.59304,0.5166
-0.98481,1.0096,1.565,0.056663,-0.89963,-0.85839
-1.6267,0.19382,1.116,0.75008,0.82289,-0.77369
-2.0252,0.30175,-0.068474,1.0191,0.86094,0.053424
-2.2006,0.23641,0.31351,0.43674,0.8395,0.050123
-1.9822,-0.42623,0.15428,0.76265,0.97451,0.57518
-1.38,1.649,-0.13903,-0.39555,-0.6775,0.086127
-2.0035,-0.52194,0.16271,0.85412,0.86696,0.31062
-2.0659,-0.46318,0.17909,0.38602,0.80151,0.48479
-1.7977,-0.9428,0.092056,0.71948,0.7211,0.83181
-1.8859,1.2351,0.59666,0.084604,0.19228,-0.60784
-2.1878,0.61767,0.43454,0.23889,0.7569,0.11089
-1.8386,-0.72803,0.12676,0.69355,1.1831,0.41264
-2.2502,0.16409,0.40195,0.42942,0.48797,0.25773
-1.8551,-0.91544,0.61279,0.526,0.8587,0.51317
-1.8764,-0.75243,0.19566,0.84674,0.93201,0.52088
-2.0969,-0.33134,0.39137,0.80448,0.74033,0.35495
-1.9223,-0.013774,0.44051,0.75628,0.79423,0.64569
-1.5868,-0.64583,0.072675,0.9669,1.1799,0.61187
-1.7324,-0.017561,0.45908,1.2246,0.87143,-0.082834
-1.6661,-0.1812,0.005246,1.0973,1.0525,0.49111
-1.5661,-0.33913,0.20613,1.1767,0.87202,0.59456
-1.7943,-0.21246,-0.000183,1.052,1.1699,-0.45166
-2.1283,0.18892,1.0284,0.36925,0.45582,-0.077931
-2.1102,0.38617,-0.18937,0.67412,0.8676,0.39299
-2.1135,0.37417,0.59145,-0.33951,0.80808,0.4883
-2.11,0.044368,1.1121,0.29736,0.29464,-0.004349
-2.2154,0.34626,0.017187,0.43956,0.64137,0.1982
-1.0839,1.573,1.1399,-0.91158,-0.21704,-0.40575
-2.1738,0.60138,0.86455,0.17482,0.34102,0.093182
-1.4226,1.2489,1.2627,-0.68858,0.17261,-0.56401
-1.7539,1.1249,1.1451,-0.34265,0.046674,-0.42885
-1.5803,-0.78583,-0.25092,1.2193,1.1243,0.26727
-1.5983,-0.28306,0.15816,1.2891,1.1761,-0.47109
-2.1306,0.59411,0.39751,0.1407,0.9187,0.24305
-2.0739,-0.43221,0.2746,0.49614,0.93146,0.39798
-1.8277,-0.76489,0.038905,0.28348,1.1715,0.45849
-2.0602,0.89408,0.56422,0.51657,0.51998,-0.27273
-1.7952,1.3354,0.57064,0.47522,0.25367,-0.5331
-1.9615,-0.37479,-0.31822,0.40442,0.94355,0.61264
-1.758,-0.73465,-0.14583,0.80903,1.1957,0.49528
-1.8357,0.40766,0.4332,0.63415,1.1274,-0.77653
-2.1132,0.052584,0.22509,0.54051,1.0795,0.11701
-2.0372,-0.29482,0.27709,0.042246,1.1154,0.586
-1.8874,-0.65525,0.031766,1.0789,0.79602,0.25799
-1.7938,1.1515,0.92723,0.30024,0.30139,-0.5497
-1.7438,0.18452,-0.30953,0.69292,1.3374,0.44246
-2.1839,-0.019474,0.16633,0.33942,0.84279,0.50427
-2.0268,-0.13214,-0.29946,0.2764,0.93091,0.79786
-1.8466,-0.071625,0.089712,1.0708,1.073,0.18097
-2.0753,0.1232,0.54566,0.62653,0.68016,0.55985
-1.9288,0.64189,0.57925,0.95218,0.51837,-0.1999
-1.8802,-0.67177,0.54078,0.73386,0.93898,0.51828
-1.5986,-0.3093,0.22585,-0.10904,1.3861,-0.59836
-2.0213,-0.4843,0.41876,0.66826,0.9395,0.41349
1.1638,-1.7581,-0.31495,0.28387,-0.6779,0.47018
1.6986,-1.2686,-0.37551,0.99682,-0.31916,-0.34484
1.3028,-1.3386,-0.55516,-0.1014,-0.67417,1.3173
1.4319,-1.8199,0.056708,0.62822,-0.46153,0.001474
1.2352,-1.7966,-0.062241,0.41659,-0.76733,0.53973
1.928,-1.1381,-0.58318,0.056551,-0.73121,0.22585
1.9373,-1.0947,-0.42304,-0.1655,-0.82344,0.31656
1.5799,-1.7751,-0.13612,0.28206,-0.37217,0.093242
1.8578,-1.2863,-0.3381,0.062704,-0.19952,0.5563
1.2983,-1.615,0.082606,-0.51777,-0.49832,0.17703
1.5749,-1.3772,-0.80793,0.42683,-0.65487,0.35693
0.90605,-2.075,-0.28446,0.34709,-0.019379,0.42448
1.4219,-1.7233,-0.52233,0.28315,-0.41498,0.36212
1.5674,-1.6452,-0.3859,0.23901,-0.45924,0.64676
1.0964,-1.7286,-0.52935,0.075671,-0.43412,1.0603
1.4639,-1.3117,-0.83607,-0.48548,-0.23891,0.42747
1.2322,-1.9909,-0.16637,0.19763,-0.16856,0.3442
1.28,-1.6501,-0.73167,0.30504,-0.42465,0.40536
1.3848,-1.7739,-0.063955,0.67558,-0.49573,-0.17335
1.349,-1.6291,-0.55087,0.76803,-0.58913,0.5175
1.7211,-1.3482,-0.44398,0.70681,-0.71272,0.11761
1.2444,-1.7738,-0.64249,0.48122,-0.22046,0.14144
1.2667,-1.7345,-0.6053,0.25806,-0.42612,0.58859
1.364,-1.5507,-0.59239,0.35177,-0.50414,1.0006
1.0586,-1.7795,-0.4801,1.0393,-0.45343,0.24773
1.1303,-1.6297,-0.74477,0.44622,-0.55584,0.88585
1.873,-1.4769,-0.3028,0.042197,-0.30714,-0.14642
1.0621,-2.0222,-0.2909,0.41662,-0.16325,0.5033
1.2066,-1.996,0.58691,0.37234,-0.046677,0.12194
1.2645,-1.9466,0.11679,0.6703,-0.34357,0.15281
1.0841,-1.8406,-0.48562,0.38644,-0.38299,0.3567
1.6628,-1.5618,-0.80752,0.13415,0.18487,0.28525
1.2504,-1.6667,-0.67334,0.44624,-0.51273,0.38451
1.5431,-1.2781,-0.83926,0.54393,-0.79381,0.50009
1.4572,-1.4796,-0.23488,0.27735,-0.97453,0.20322
0.81417,-1.7917,-0.5435,0.45115,-0.44868,0.38939
1.9192,-1.0336,0.11806,0.5966,-0.41066,-0.62854
2.0888,-0.74914,0.1871,0.14416,-0.7822,-0.36245
1.9364,-0.58173,0.59676,-0.5673,-0.89767,0.15027
2.1325,-0.75042,-0.29202,0.18624,-0.59237,-0.6458
2.1366,-0.71859,0.11166,0.06512,-0.38584,-0.70973
1.7553,-0.78287,0.30377,0.31512,1.2893,-0.041177
1.7573,-0.84057,0.037734,0.97375,1.0537,0.22368
1.626,-1.3199,-0.14574,-0.44816,-0.80591,0.27819
1.6639,-1.1499,-0.37951,-0.35944,-0.74182,-0.072631
1.7858,-1.1179,-0.92648,-0.28032,-0.32157,0.15588
1.1638,-1.7581,-0.31495,0.28387,-0.6779,0.47018
0.95555,-1.4896,-0.49906,-0.099143,-0.67445,1.4144
1.4546,-0.73515,-0.073602,-0.6189,-0.7897,1.3915
1.6986,-1.2686,-0.37551,0.99682,-0.31916,-0.34484
1.3028,-1.3386,-0.55516,-0.1014,-0.67417,1.3173
1.4319,-1.8199,0.056708,0.62822,-0.46153,0.001474
0.47272,-1.7132,-0.91622,-0.13158,0.43367,0.73121
1.2352,-1.7966,-0.062241,0.41659,-0.76733,0.53973
1.928,-1.1381,-0.58318,0.056551,-0.73121,0.22585
1.9373,-1.0947,-0.42304,-0.1655,-0.82344,0.31656
1.5799,-1.7751,-0.13612,0.28206,-0.37217,0.093242
1.8578,-1.2863,-0.3381,0.062704,-0.19952,0.5563
1.2983,-1.615,0.082606,-0.51777,-0.49832,0.17703
1.5749,-1.3772,-0.80793,0.42683,-0.65487,0.35693
0.90605,-2.075,-0.28446,0.34709,-0.019379,0.42448
1.4219,-1.7233,-0.52233,0.28315,-0.41498,0.36212
1.5674,-1.6452,-0.3859,0.23901,-0.45924,0.64676
1.0964,-1.7286,-0.52935,0.075671,-0.43412,1.0603
1.4639,-1.3117,-0.83607,-0.48548,-0.23891,0.42747
1.2322,-1.9909,-0.16637,0.19763,-0.16856,0.3442
1.28,-1.6501,-0.73167,0.30504,-0.42465,0.40536
1.3848,-1.7739,-0.063955,0.67558,-0.49573,-0.17335
1.349,-1.6291,-0.55087,0.76803,-0.58913,0.5175
1.7211,-1.3482,-0.44398,0.70681,-0.71272,0.11761
1.2444,-1.7738,-0.64249,0.48122,-0.22046,0.14144
1.2667,-1.7345,-0.6053,0.25806,-0.42612,0.58859
1.364,-1.5507,-0.59239,0.35177,-0.50414,1.0006
1.0586,-1.7795,-0.4801,1.0393,-0.45343,0.24773
1.1303,-1.6297,-0.74477,0.44622,-0.55584,0.88585
1.873,-1.4769,-0.3028,0.042197,-0.30714,-0.14642
1.0621,-2.0222,-0.2909,0.41662,-0.16325,0.5033
1.2066,-1.996,0.58691,0.37234,-0.046677,0.12194
1.2645,-1.9466,0.11679,0.6703,-0.34357,0.15281
1.0841,-1.8406,-0.48562,0.38644,-0.38299,0.3567
1.6628,-1.5618,-0.80752,0.13415,0.18487,0.28525
1.2504,-1.6667,-0.67334,0.44624,-0.51273,0.38451
1.5431,-1.2781,-0.83926,0.54393,-0.79381,0.50009
1.4572,-1.4796,-0.23488,0.27735,-0.97453,0.20322
0.81417,-1.7917,-0.5435,0.45115,-0.44868,0.38939
2.0534,0.32719,-1.028,-0.67461,-0.24244,-0.14265
1.7055,0.20003,0.15696,-1.0997,-1.3046,0.33957
1.9512,-0.7265,0.64062,-0.36626,-0.82253,-0.66611
1.9566,-0.65056,0.64208,-0.47996,-0.71125,-0.77451
1.9693,0.73446,-0.24305,-0.56252,-0.6066,-0.59653
1.9335,0.075266,0.60589,-0.34521,-0.94142,-0.6372
1.8846,0.52057,-0.21284,0.26693,-0.6729,-0.81487
1.8835,0.05538,0.57522,-0.21387,-1.1673,-0.38137
2.1696,0.13822,-0.086002,-0.50839,-0.62564,-0.43272
1.7816,0.62732,0.034375,-1.1821,-0.92825,-0.40808
1.854,0.77155,-0.71413,-1.0452,-0.36267,-0.020975
1.9192,-1.0336,0.11806,0.5966,-0.41066,-0.62854
1.7981,0.26404,0.61563,-0.056168,-0.97495,-0.7574
1.8838,-0.22973,0.72278,-0.75952,-1.0701,-0.22718
1.8456,-0.09403,0.54503,0.18334,-0.53589,-0.77502
2.0888,-0.74914,0.1871,0.14416,-0.7822,-0.36245
1.9792,0.70268,-0.53622,-0.36759,-0.36889,-0.56824
1.9666,0.57333,0.058621,-0.56732,-0.93519,-0.58821
2.0389,-0.15031,0.53532,-0.77287,-0.68462,-0.4675
2.1944,-0.3713,-0.41551,-0.28738,-0.85867,-0.23082
2.034,0.25302,0.029037,-0.42096,-0.58792,-0.1949
1.8738,0.013653,0.4908,-0.093702,-1.2511,-0.78108
2.0745,-0.086069,0.26487,-0.59874,-0.78917,-0.79529
2.0306,0.051723,0.41692,-0.8879,-0.42479,-0.71009
1.4862,0.35119,0.38731,-1.1117,-0.67578,-1.1486
1.9364,-0.58173,0.59676,-0.5673,-0.89767,0.15027
2.1839,-0.057249,-0.020653,-0.46446,-0.81932,-0.44191
1.8906,0.082802,0.59976,-0.74264,-0.95376,-0.76501
1.903,0.83149,-0.38357,-0.74769,-0.36623,-0.8206
1.8295,0.7815,-0.51455,-1.212,-0.47141,-0.22641
1.7607,0.065836,0.87283,-0.41427,-0.76574,-1.0926
2.1045,-0.52949,0.41791,-0.67132,-0.66043,-0.40331
2.0465,-0.73623,0.42953,-0.85514,-0.52438,-0.26473
1.6297,-0.675,0.79527,0.40408,-0.15326,-0.81641
2.1811,-0.16749,-0.47326,-0.75511,-0.61231,0.037624
1.9309,-0.22287,0.25322,-0.54792,-1.102,-0.70104
1.832,0.56052,0.13004,-1.0912,-1.0125,-0.27671
2.0025,0.13356,0.40076,-0.97683,-0.66803,-0.36379
1.9988,0.19527,0.2363,-0.17838,-0.56991,-0.57666
2.2342,-0.30219,-0.34572,-0.29573,-0.74712,-0.31661
2.0105,0.51501,-0.097573,-0.31668,-0.84673,-0.8142
2.0469,0.028482,-0.064348,-0.80641,-1.018,-0.31833
2.0535,0.17161,0.021534,-0.34952,-0.6353,-0.16648
1.8686,0.33821,0.18631,-1.1663,-0.80326,-0.57516
2.1454,-0.27946,0.0763,-0.66766,-0.87633,-0.29958
2.046,0.18499,0.14722,-0.2853,-0.82097,-0.32459
1.945,0.63409,-0.023999,-0.3998,-0.53135,-0.64795
1.9664,0.19315,0.52646,-0.62612,-0.70643,-0.59921
1.8844,0.55851,0.25592,-0.34397,-0.72368,-0.5929
1.9647,0.18063,0.38356,-0.14916,-0.8855,-0.88364
2.0584,-0.19119,-0.21529,0.30593,-0.19902,-0.87757
1.9903,-0.074262,0.61584,-0.45098,-0.62419,-0.73756
2.1325,-0.75042,-0.29202,0.18624,-0.59237,-0.6458
2.0803,-0.14067,-0.41726,0.36838,-0.41782,-0.53191
2.1366,-0.71859,0.11166,0.06512,-0.38584,-0.70973
1.9551,0.49278,0.15784,-0.50772,-1.0387,-0.45247
1.8571,-0.64222,0.46439,-0.47717,-1.1756,0.38239
2.2384,-0.26558,-0.1393,-0.58889,-0.57023,-0.33187
2.1144,-0.062418,0.19332,-0.33096,-0.77513,-0.31574
1.9874,-0.21909,0.41096,-0.60506,-1.1397,-0.40949
1.8947,-0.49706,0.010273,0.63779,-0.19132,-0.92995
2.149,-0.29014,0.029618,-0.90565,-0.58786,-0.36016
1.8702,-0.2357,-0.16203,-0.341,-0.98545,0.74023
2.0453,-0.199,-0.30542,0.46377,-0.70986,-0.8989
1.9046,0.413,0.40094,-0.67273,-1.0409,-0.51445
0.88617,1.6869,0.2705,-0.30079,-1.0303,-0.76925
1.7803,0.87748,-0.030005,-0.30865,-0.96343,-0.43585
1.6314,1.0945,0.082394,-0.53897,-0.98457,-0.79858
1.7184,1.0651,-0.2308,-0.23768,-0.81826,-0.66779
1.7571,0.56261,0.57144,-0.39806,-0.98919,-0.72462
1.1862,1.0643,0.33979,-1.4592,-0.43954,0.28001
1.4272,1.0624,0.49924,-0.31711,-0.85877,-0.67901
1.3286,1.3456,0.29604,-0.4314,-0.80937,-0.86907
1.8314,0.93018,-0.18835,-0.57945,-0.85808,-0.44879
1.3786,0.98384,0.53872,-1.0851,-1.1709,-0.52835
1.7166,0.9426,0.019699,-0.61426,-1.1176,-0.26197
1.5406,0.82156,0.68369,-0.45569,-0.8919,-0.98906
1.3874,0.44754,0.79628,0.16294,-0.30095,-1.1585
1.7323,0.94193,0.10881,-0.45732,-0.94179,-0.53989
1.3979,0.64372,1.0712,-0.5643,-0.85829,-0.83303
1.5012,1.0088,0.45628,-0.32613,-0.6558,-1.0797
1.6319,0.94015,0.41351,-0.62368,-0.82128,-0.64438
1.3465,0.84317,0.93302,-0.46539,-0.84519,-0.77812
1.7852,0.77309,0.31395,-0.56017,-0.65981,-0.86201
1.3582,1.3182,0.27702,-0.39243,-0.83454,-0.85515
0.59198,1.3178,1.1616,-0.54773,-0.77541,-1.1332
1.4838,0.96115,0.62204,-0.45689,-0.94112,-0.81776
1.0533,1.2814,0.64481,-1.0879,-1.1037,-0.63941
1.6279,1.0515,0.22713,-0.64336,-0.89094,-0.8337
0.64857,1.0183,1.0744,0.13149,-0.41235,-0.93542
1.3471,0.85183,0.85056,-0.92846,-1.202,-0.51934
1.0843,1.4611,0.33784,-0.25359,-0.61289,-0.78289
1.787,0.73847,0.31486,-0.68642,-0.9629,-0.43013
1.6155,0.62614,0.8058,-0.79935,-0.84147,-0.78248
1.583,0.39061,0.92146,-0.21202,-0.94543,-0.72065
1.2699,1.4717,0.077169,-0.31961,-0.77389,-0.9768
1.2901,0.95677,0.90273,-0.5074,-0.77884,-0.88033
0.83411,1.3263,0.99579,-0.90639,-0.86344,-0.80637
1.8277,0.83786,-0.053432,-0.26274,-0.83456,-0.61329
0.8989,1.7606,0.1247,-0.38723,-0.81431,-0.86589
1.7076,0.64011,0.4157,-1.2695,-0.19186,-0.70311
1.366,1.0635,0.68818,-0.52625,-0.95972,-0.82042
1.6144,0.99637,0.36428,-0.58583,-0.89198,-0.8141
1.7553,-0.78287,0.30377,0.31512,1.2893,-0.041177
1.7573,-0.84057,0.037734,0.97375,1.0537,0.22368
1.7119,-0.60914,-0.20375,-0.96296,-0.90871,0.95037
1.8145,-0.32953,-0.47918,-0.87703,-0.91596,-0.081485
1.9959,-0.37514,-0.26375,-1.0953,-0.68104,0.044522
2.0754,-0.50889,-0.19393,-0.26232,-1.0232,-0.41526
1.8302,-0.62165,-0.31325,-0.96276,-0.75681,0.008179
1.0005,-0.6518,-0.24681,-0.74065,-1.3435,0.67888
1.8898,-0.9023,-0.22906,-0.35569,-1.0053,-0.04756
2.0814,-0.22121,-0.25034,-0.34487,-1.0977,-0.41393
2.121,-0.44428,-0.23897,-0.23089,-0.84573,-0.63496
1.8734,-0.45056,-0.75651,-0.60694,-0.87892,0.064482
1.626,-1.3199,-0.14574,-0.44816,-0.80591,0.27819
1.659,-1.2197,-0.29684,-0.52891,-0.73301,0.222
1.3834,-1.2981,-0.093791,-0.7435,-0.7093,0.36422
1.8314,-0.88658,-0.31899,-0.51952,-0.92864,0.031839
1.7094,-0.033729,-0.044049,-0.87161,-1.3095,-0.19931
1.7194,-1.2034,-0.33784,-0.47291,-0.68603,0.099198
1.7565,-0.18665,-0.38859,-1.0572,-0.96124,0.008242
1.6766,-0.77824,-0.18095,-0.90695,-0.85217,0.041622
1.683,-0.63339,-0.45588,-0.9851,-0.74092,0.12
1.8269,-0.17089,-0.54278,-0.9494,-0.86761,-0.11544
1.6582,-0.35149,-0.31436,-0.8423,-1.1318,-0.03614
1.5575,-0.68478,-0.24361,-1.0576,-0.84606,0.19043
1.6474,-0.15419,-0.77023,-0.81747,-1.021,0.14786
1.4173,-1.0564,-0.23711,-0.72277,-0.88721,0.29309
1.7282,-0.23972,-0.43993,-1.0115,-0.94207,-0.017557
1.7612,-0.73705,-0.2812,-0.75202,-0.91472,-0.010768
1.6221,-1.1613,-0.3018,-0.75452,-0.59775,0.21562
1.6318,-0.88547,-0.28356,-1.0078,-0.65251,0.20242
1.7801,-0.22868,-0.63547,-0.80128,-0.9181,-0.13095
1.7918,-0.2114,-0.49446,-1.0684,-0.80153,-0.0603
1.6947,0.59008,-1.0564,-0.64629,-1.0408,0.059378
1.6639,-1.1499,-0.37951,-0.35944,-0.74182,-0.072631
1.6809,-1.0811,-0.38902,-0.36996,-0.77413,-0.11767
1.7688,0.25599,-0.12305,-0.63803,-1.0179,-0.93449
1.901,-0.18525,-0.40653,-0.78586,-1.0379,-0.16661
1.8046,-0.21459,-0.43202,-0.84394,-1.0937,0.003505
1.855,-0.48896,0.36956,-0.64939,-0.99421,-0.6661
1.7072,0.32896,-1.0875,-1.1191,-0.17739,-0.30053
1.2684,-0.79035,-0.64857,-1.1279,-0.25541,0.14389
1.6413,-0.45773,-0.87338,-0.99872,-0.51314,0.18184
1.5898,-0.53637,-0.33651,-0.95338,-0.89208,-0.039898
1.619,-0.91635,0.03193,-0.80377,-0.84988,-0.1518
1.6639,-0.2978,-0.40879,-0.9681,-0.9014,-0.18022
1.5429,-1.2248,-0.004573,-0.94377,-0.5421,0.23428
1.6945,-1.1074,-0.93209,-0.72386,0.084816,0.58759
1.7189,-0.58829,-0.41695,-0.68015,-1.01,-0.043654
1.1896,-1.4924,-0.22746,-1.0822,0.2049,0.47789
1.2048,0.61105,0.33041,-1.6982,-0.86254,-0.2124
1.6108,-1.2452,-0.51474,-0.63328,-0.41708,0.21547
1.7853,-0.64591,-0.54934,-0.72669,-0.88564,0.15142
1.727,-1.0157,-0.36016,-0.60612,-0.73952,0.024318
1.7858,-1.1179,-0.92648,-0.28032,-0.32157,0.15588
2.1917,-0.54509,-0.58848,-0.36768,-0.62028,-0.15866
1.5821,-0.56308,-0.46595,-0.93917,-0.86701,0.10507
1.5659,-0.99557,-0.52636,-0.70542,-0.81183,0.59915
1.7255,-0.041491,-0.91518,-0.93844,-0.70279,-0.026492
1.764,-0.67535,-0.41879,-0.84339,-0.81866,0.058386
1.4736,-0.98059,0.18755,-0.77598,-1.0673,0.12604
1.5433,-1.09,-0.37471,-0.78095,-0.67106,0.30832
1.8552,-0.55006,-0.26495,-1.0426,-0.72987,-0.019525
1.7856,-0.40622,-0.89533,-0.58513,-0.81687,0.003997
1.5526,-0.019515,-0.39212,-1.2182,-0.89697,-0.092712
1.1638,-1.7581,-0.31495,0.28387,-0.6779,0.47018
0.95555,-1.4896,-0.49906,-0.099143,-0.67445,1.4144
1.4546,-0.73515,-0.073602,-0.6189,-0.7897,1.3915
1.6986,-1.2686,-0.37551,0.99682,-0.31916,-0.34484
1.3028,-1.3386,-0.55516,-0.1014,-0.67417,1.3173
1.4319,-1.8199,0.056708,0.62822,-0.46153,0.001474
0.47272,-1.7132,-0.91622,-0.13158,0.43367,0.73121
1.2352,-1.7966,-0.062241,0.41659,-0.76733,0.53973
1.928,-1.1381,-0.58318,0.056551,-0.73121,0.22585
1.9373,-1.0947,-0.42304,-0.1655,-0.82344,0.31656
1.5799,-1.7751,-0.13612,0.28206,-0.37217,0.093242
1.8578,-1.2863,-0.3381,0.062704,-0.19952,0.5563
1.2983,-1.615,0.082606,-0.51777,-0.49832,0.17703
1.5749,-1.3772,-0.80793,0.42683,-0.65487,0.35693
0.90605,-2.075,-0.28446,0.34709,-0.019379,0.42448
1.4219,-1.7233,-0.52233,0.28315,-0.41498,0.36212
1.5674,-1.6452,-0.3859,0.23901,-0.45924,0.64676
1.0964,-1.7286,-0.52935,0.075671,-0.43412,1.0603
1.4639,-1.3117,-0.83607,-0.48548,-0.23891,0.42747
1.2322,-1.9909,-0.16637,0.19763,-0.16856,0.3442
1.28,-1.6501,-0.73167,0.30504,-0.42465,0.40536
1.3848,-1.7739,-0.063955,0.67558,-0.49573,-0.17335
1.349,-1.6291,-0.55087,0.76803,-0.58913,0.5175
1.7211,-1.3482,-0.44398,0.70681,-0.71272,0.11761
1.2444,-1.7738,-0.64249,0.48122,-0.22046,0.14144
1.2667,-1.7345,-0.6053,0.25806,-0.42612,0.58859
1.364,-1.5507,-0.59239,0.35177,-0.50414,1.0006
1.0586,-1.7795,-0.4801,1.0393,-0.45343,0.24773
1.1303,-1.6297,-0.74477,0.44622,-0.55584,0.88585
1.873,-1.4769,-0.3028,0.042197,-0.30714,-0.14642
1.0621,-2.0222,-0.2909,0.41662,-0.16325,0.5033
1.2066,-1.996,0.58691,0.37234,-0.046677,0.12194
1.2645,-1.9466,0.11679,0.6703,-0.34357,0.15281
1.0841,-1.8406,-0.48562,0.38644,-0.38299,0.3567
1.6628,-1.5618,-0.80752,0.13415,0.18487,0.28525
1.2504,-1.6667,-0.67334,0.44624,-0.51273,0.38451
1.5431,-1.2781,-0.83926,0.54393,-0.79381,0.50009
1.4572,-1.4796,-0.23488,0.27735,-0.97453,0.20322
0.81417,-1.7917,-0.5435,0.45115,-0.44868,0.38939
2.0534,0.32719,-1.028,-0.67461,-0.24244,-0.14265
1.7055,0.20003,0.15696,-1.0997,-1.3046,0.33957
1.9512,-0.7265,0.64062,-0.36626,-0.82253,-0.66611
1.9566,-0.65056,0.64208,-0.47996,-0.71125,-0.77451
1.9693,0.73446,-0.24305,-0.56252,-0.6066,-0.59653
1.9335,0.075266,0.60589,-0.34521,-0.94142,-0.6372
1.8846,0.52057,-0.21284,0.26693,-0.6729,-0.81487
1.8835,0.05538,0.57522,-0.21387,-1.1673,-0.38137
2.1696,0.13822,-0.086002,-0.50839,-0.62564,-0.43272
1.7816,0.62732,0.034375,-1.1821,-0.92825,-0.40808
1.854,0.77155,-0.71413,-1.0452,-0.36267,-0.020975
1.9192,-1.0336,0.11806,0.5966,-0.41066,-0.62854
1.7981,0.26404,0.61563,-0.056168,-0.97495,-0.7574
1.8838,-0.22973,0.72278,-0.75952,-1.0701,-0.22718
1.8456,-0.09403,0.54503,0.18334,-0.53589,-0.77502
2.0888,-0.74914,0.1871,0.14416,-0.7822,-0.36245
1.9792,0.70268,-0.53622,-0.36759,-0.36889,-0.56824
1.9666,0.57333,0.058621,-0.56732,-0.93519,-0.58821
2.0389,-0.15031,0.53532,-0.77287,-0.68462,-0.4675
2.1944,-0.3713,-0.41551,-0.28738,-0.85867,-0.23082
2.034,0.25302,0.029037,-0.42096,-0.58792,-0.1949
1.8738,0.013653,0.4908,-0.093702,-1.2511,-0.78108
2.0745,-0.086069,0.26487,-0.59874,-0.78917,-0.79529
2.0306,0.051723,0.41692,-0.8879,-0.42479,-0.71009
1.4862,0.35119,0.38731,-1.1117,-0.67578,-1.1486
1.9364,-0.58173,0.59676,-0.5673,-0.89767,0.15027
2.1839,-0.057249,-0.020653,-0.46446,-0.81932,-0.44191
1.8906,0.082802,0.59976,-0.74264,-0.95376,-0.76501
1.903,0.83149,-0.38357,-0.74769,-0.36623,-0.8206
1.8295,0.7815,-0.51455,-1.212,-0.47141,-0.22641
1.7607,0.065836,0.87283,-0.41427,-0.76574,-1.0926
2.1045,-0.52949,0.41791,-0.67132,-0.66043,-0.40331
2.0465,-0.73623,0.42953,-0.85514,-0.52438,-0.26473
1.6297,-0.675,0.79527,0.40408,-0.15326,-0.81641
2.1811,-0.16749,-0.47326,-0.75511,-0.61231,0.037624
1.9309,-0.22287,0.25322,-0.54792,-1.102,-0.70104
1.832,0.56052,0.13004,-1.0912,-1.0125,-0.27671
2.0025,0.13356,0.40076,-0.97683,-0.66803,-0.36379
1.9988,0.19527,0.2363,-0.17838,-0.56991,-0.57666
2.2342,-0.30219,-0.34572,-0.29573,-0.74712,-0.31661
2.0105,0.51501,-0.097573,-0.31668,-0.84673,-0.8142
2.0469,0.028482,-0.064348,-0.80641,-1.018,-0.31833
2.0535,0.17161,0.021534,-0.34952,-0.6353,-0.16648
1.8686,0.33821,0.18631,-1.1663,-0.80326,-0.57516
2.1454,-0.27946,0.0763,-0.66766,-0.87633,-0.29958
2.046,0.18499,0.14722,-0.2853,-0.82097,-0.32459
1.945,0.63409,-0.023999,-0.3998,-0.53135,-0.64795
1.9664,0.19315,0.52646,-0.62612,-0.70643,-0.59921
1.8844,0.55851,0.25592,-0.34397,-0.72368,-0.5929
1.9647,0.18063,0.38356,-0.14916,-0.8855,-0.88364
2.0584,-0.19119,-0.21529,0.30593,-0.19902,-0.87757
1.9903,-0.074262,0.61584,-0.45098,-0.62419,-0.73756
2.1325,-0.75042,-0.29202,0.18624,-0.59237,-0.6458
2.0803,-0.14067,-0.41726,0.36838,-0.41782,-0.53191
2.1366,-0.71859,0.11166,0.06512,-0.38584,-0.70973
1.9551,0.49278,0.15784,-0.50772,-1.0387,-0.45247
1.8571,-0.64222,0.46439,-0.47717,-1.1756,0.38239
2.2384,-0.26558,-0.1393,-0.58889,-0.57023,-0.33187
2.1144,-0.062418,0.19332,-0.33096,-0.77513,-0.31574
1.9874,-0.21909,0.41096,-0.60506,-1.1397,-0.40949
1.8947,-0.49706,0.010273,0.63779,-0.19132,-0.92995
2.149,-0.29014,0.029618,-0.90565,-0.58786,-0.36016
1.8702,-0.2357,-0.16203,-0.341,-0.98545,0.74023
2.0453,-0.199,-0.30542,0.46377,-0.70986,-0.8989
1.9046,0.413,0.40094,-0.67273,-1.0409,-0.51445
0.88617,1.6869,0.2705,-0.30079,-1.0303,-0.76925
1.7803,0.87748,-0.030005,-0.30865,-0.96343,-0.43585
1.6314,1.0945,0.082394,-0.53897,-0.98457,-0.79858
1.7184,1.0651,-0.2308,-0.23768,-0.81826,-0.66779
1.7571,0.56261,0.57144,-0.39806,-0.98919,-0.72462
1.1862,1.0643,0.33979,-1.4592,-0.43954,0.28001
1.4272,1.0624,0.49924,-0.31711,-0.85877,-0.67901
1.3286,1.3456,0.29604,-0.4314,-0.80937,-0.86907
1.8314,0.93018,-0.18835,-0.57945,-0.85808,-0.44879
1.3786,0.98384,0.53872,-1.0851,-1.1709,-0.52835
1.7166,0.9426,0.019699,-0.61426,-1.1176,-0.26197
1.5406,0.82156,0.68369,-0.45569,-0.8919,-0.98906
1.3874,0.44754,0.79628,0.16294,-0.30095,-1.1585
1.7323,0.94193,0.10881,-0.45732,-0.94179,-0.53989
1.3979,0.64372,1.0712,-0.5643,-0.85829,-0.83303
1.5012,1.0088,0.45628,-0.32613,-0.6558,-1.0797
1.6319,0.94015,0.41351,-0.62368,-0.82128,-0.64438
1.3465,0.84317,0.93302,-0.46539,-0.84519,-0.77812
1.7852,0.77309,0.31395,-0.56017,-0.65981,-0.86201
1.3582,1.3182,0.27702,-0.39243,-0.83454,-0.85515
0.59198,1.3178,1.1616,-0.54773,-0.77541,-1.1332
1.4838,0.96115,0.62204,-0.45689,-0.94112,-0.81776
1.0533,1.2814,0.64481,-1.0879,-1.1037,-0.63941
1.6279,1.0515,0.22713,-0.64336,-0.89094,-0.8337
0.64857,1.0183,1.0744,0.13149,-0.41235,-0.93542
1.3471,0.85183,0.85056,-0.92846,-1.202,-0.51934
1.0843,1.4611,0.33784,-0.25359,-0.61289,-0.78289
1.787,0.73847,0.31486,-0.68642,-0.9629,-0.43013
1.6155,0.62614,0.8058,-0.79935,-0.84147,-0.78248
1.583,0.39061,0.92146,-0.21202,-0.94543,-0.72065
1.2699,1.4717,0.077169,-0.31961,-0.77389,-0.9768
1.2901,0.95677,0.90273,-0.5074,-0.77884,-0.88033
0.83411,1.3263,0.99579,-0.90639,-0.86344,-0.80637
1.8277,0.83786,-0.053432,-0.26274,-0.83456,-0.61329
0.8989,1.7606,0.1247,-0.38723,-0.81431,-0.86589
1.7076,0.64011,0.4157,-1.2695,-0.19186,-0.70311
1.366,1.0635,0.68818,-0.52625,-0.95972,-0.82042
1.6144,0.99637,0.36428,-0.58583,-0.89198,-0.8141
1.7553,-0.78287,0.30377,0.31512,1.2893,-0.041177
1.7573,-0.84057,0.037734,0.97375,1.0537,0.22368
1.7119,-0.60914,-0.20375,-0.96296,-0.90871,0.95037
1.8145,-0.32953,-0.47918,-0.87703,-0.91596,-0.081485
1.9959,-0.37514,-0.26375,-1.0953,-0.68104,0.044522
2.0754,-0.50889,-0.19393,-0.26232,-1.0232,-0.41526
1.8302,-0.62165,-0.31325,-0.96276,-0.75681,0.008179
1.0005,-0.6518,-0.24681,-0.74065,-1.3435,0.67888
1.8898,-0.9023,-0.22906,-0.35569,-1.0053,-0.04756
2.0814,-0.22121,-0.25034,-0.34487,-1.0977,-0.41393
2.121,-0.44428,-0.23897,-0.23089,-0.84573,-0.63496
1.8734,-0.45056,-0.75651,-0.60694,-0.87892,0.064482
1.626,-1.3199,-0.14574,-0.44816,-0.80591,0.27819
1.659,-1.2197,-0.29684,-0.52891,-0.73301,0.222
1.3834,-1.2981,-0.093791,-0.7435,-0.7093,0.36422
1.8314,-0.88658,-0.31899,-0.51952,-0.92864,0.031839
1.7094,-0.033729,-0.044049,-0.87161,-1.3095,-0.19931
1.7194,-1.2034,-0.33784,-0.47291,-0.68603,0.099198
1.7565,-0.18665,-0.38859,-1.0572,-0.96124,0.008242
1.6766,-0.77824,-0.18095,-0.90695,-0.85217,0.041622
1.683,-0.63339,-0.45588,-0.9851,-0.74092,0.12
1.8269,-0.17089,-0.54278,-0.9494,-0.86761,-0.11544
1.6582,-0.35149,-0.31436,-0.8423,-1.1318,-0.03614
1.5575,-0.68478,-0.24361,-1.0576,-0.84606,0.19043
1.6474,-0.15419,-0.77023,-0.81747,-1.021,0.14786
1.4173,-1.0564,-0.23711,-0.72277,-0.88721,0.29309
1.7282,-0.23972,-0.43993,-1.0115,-0.94207,-0.017557
1.7612,-0.73705,-0.2812,-0.75202,-0.91472,-0.010768
1.6221,-1.1613,-0.3018,-0.75452,-0.59775,0.21562
1.6318,-0.88547,-0.28356,-1.0078,-0.65251,0.20242
1.7801,-0.22868,-0.63547,-0.80128,-0.9181,-0.13095
1.7918,-0.2114,-0.49446,-1.0684,-0.80153,-0.0603
1.6947,0.59008,-1.0564,-0.64629,-1.0408,0.059378
1.6639,-1.1499,-0.37951,-0.35944,-0.74182,-0.072631
1.6809,-1.0811,-0.38902,-0.36996,-0.77413,-0.11767
1.7688,0.25599,-0.12305,-0.63803,-1.0179,-0.93449
1.901,-0.18525,-0.40653,-0.78586,-1.0379,-0.16661
1.8046,-0.21459,-0.43202,-0.84394,-1.0937,0.003505
1.855,-0.48896,0.36956,-0.64939,-0.99421,-0.6661
1.7072,0.32896,-1.0875,-1.1191,-0.17739,-0.30053
1.2684,-0.79035,-0.64857,-1.1279,-0.25541,0.14389
1.6413,-0.45773,-0.87338,-0.99872,-0.51314,0.18184
1.5898,-0.53637,-0.33651,-0.95338,-0.89208,-0.039898
1.619,-0.91635,0.03193,-0.80377,-0.84988,-0.1518
1.6639,-0.2978,-0.40879,-0.9681,-0.9014,-0.18022
1.5429,-1.2248,-0.004573,-0.94377,-0.5421,0.23428
1.6945,-1.1074,-0.93209,-0.72386,0.084816,0.58759
1.7189,-0.58829,-0.41695,-0.68015,-1.01,-0.043654
1.1896,-1.4924,-0.22746,-1.0822,0.2049,0.47789
1.2048,0.61105,0.33041,-1.6982,-0.86254,-0.2124
1.6108,-1.2452,-0.51474,-0.63328,-0.41708,0.21547
1.7853,-0.64591,-0.54934,-0.72669,-0.88564,0.15142
1.727,-1.0157,-0.36016,-0.60612,-0.73952,0.024318
1.7858,-1.1179,-0.92648,-0.28032,-0.32157,0.15588
2.1917,-0.54509,-0.58848,-0.36768,-0.62028,-0.15866
1.5821,-0.56308,-0.46595,-0.93917,-0.86701,0.10507
1.5659,-0.99557,-0.52636,-0.70542,-0.81183,0.59915
1.7255,-0.041491,-0.91518,-0.93844,-0.70279,-0.026492
1.764,-0.67535,-0.41879,-0.84339,-0.81866,0.058386
1.4736,-0.98059,0.18755,-0.77598,-1.0673,0.12604
1.5433,-1.09,-0.37471,-0.78095,-0.67106,0.30832
1.8552,-0.55006,-0.26495,-1.0426,-0.72987,-0.019525
1.7856,-0.40622,-0.89533,-0.58513,-0.81687,0.003997
1.5526,-0.019515,-0.39212,-1.2182,-0.89697,-0.092712
1.1638,-1.7581,-0.31495,0.28387,-0.6779,0.47018
1.6986,-1.2686,-0.37551,0.99682,-0.31916,-0.34484
1.4319,-1.8199,0.056708,0.62822,-0.46153,0.001474
1.2352,-1.7966,-0.062241,0.41659,-0.76733,0.53973
1.928,-1.1381,-0.58318,0.056551,-0.73121,0.22585
1.9373,-1.0947,-0.42304,-0.1655,-0.82344,0.31656
1.5799,-1.7751,-0.13612,0.28206,-0.37217,0.093242
1.8578,-1.2863,-0.3381,0.062704,-0.19952,0.5563
1.2983,-1.615,0.082606,-0.51777,-0.49832,0.17703
1.5749,-1.3772,-0.80793,0.42683,-0.65487,0.35693
0.90605,-2.075,-0.28446,0.34709,-0.019379,0.42448
1.4219,-1.7233,-0.52233,0.28315,-0.41498,0.36212
1.5674,-1.6452,-0.3859,0.23901,-0.45924,0.64676
1.0964,-1.7286,-0.52935,0.075671,-0.43412,1.0603
1.4639,-1.3117,-0.83607,-0.48548,-0.23891,0.42747
1.2322,-1.9909,-0.16637,0.19763,-0.16856,0.3442
1.28,-1.6501,-0.73167,0.30504,-0.42465,0.40536
1.3848,-1.7739,-0.063955,0.67558,-0.49573,-0.17335
1.349,-1.6291,-0.55087,0.76803,-0.58913,0.5175
1.7211,-1.3482,-0.44398,0.70681,-0.71272,0.11761
1.2444,-1.7738,-0.64249,0.48122,-0.22046,0.14144
1.2667,-1.7345,-0.6053,0.25806,-0.42612,0.58859
1.364,-1.5507,-0.59239,0.35177,-0.50414,1.0006
1.0586,-1.7795,-0.4801,1.0393,-0.45343,0.24773
1.1303,-1.6297,-0.74477,0.44622,-0.55584,0.88585
1.873,-1.4769,-0.3028,0.042197,-0.30714,-0.14642
1.0621,-2.0222,-0.2909,0.41662,-0.16325,0.5033
1.2066,-1.996,0.58691,0.37234,-0.046677,0.12194
1.2645,-1.9466,0.11679,0.6703,-0.34357,0.15281
1.0841,-1.8406,-0.48562,0.38644,-0.38299,0.3567
1.6628,-1.5618,-0.80752,0.13415,0.18487,0.28525
1.2504,-1.6667,-0.67334,0.44624,-0.51273,0.38451
1.5431,-1.2781,-0.83926,0.54393,-0.79381,0.50009
1.4572,-1.4796,-0.23488,0.27735,-0.97453,0.20322
0.81417,-1.7917,-0.5435,0.45115,-0.44868,0.38939
1.9192,-1.0336,0.11806,0.5966,-0.41066,-0.62854
2.0888,-0.74914,0.1871,0.14416,-0.7822,-0.36245
2.1325,-0.75042,-0.29202,0.18624,-0.59237,-0.6458
1.7553,-0.78287,0.30377,0.31512,1.2893,-0.041177
1.7573,-0.84057,0.037734,0.97375,1.0537,0.22368
1.626,-1.3199,-0.14574,-0.44816,-0.80591,0.27819
1.6639,-1.1499,-0.37951,-0.35944,-0.74182,-0.072631
1.7858,-1.1179,-0.92648,-0.28032,-0.32157,0.15588
2.0534,0.32719,-1.028,-0.67461,-0.24244,-0.14265
1.7055,0.20003,0.15696,-1.0997,-1.3046,0.33957
1.9566,-0.65056,0.64208,-0.47996,-0.71125,-0.77451
1.9693,0.73446,-0.24305,-0.56252,-0.6066,-0.59653
1.9335,0.075266,0.60589,-0.34521,-0.94142,-0.6372
1.8846,0.52057,-0.21284,0.26693,-0.6729,-0.81487
1.8835,0.05538,0.57522,-0.21387,-1.1673,-0.38137
2.1696,0.13822,-0.086002,-0.50839,-0.62564,-0.43272
1.7816,0.62732,0.034375,-1.1821,-0.92825,-0.40808
1.854,0.77155,-0.71413,-1.0452,-0.36267,-0.020975
1.7981,0.26404,0.61563,-0.056168,-0.97495,-0.7574
1.8838,-0.22973,0.72278,-0.75952,-1.0701,-0.22718
1.8456,-0.09403,0.54503,0.18334,-0.53589,-0.77502
1.9792,0.70268,-0.53622,-0.36759,-0.36889,-0.56824
1.9666,0.57333,0.058621,-0.56732,-0.93519,-0.58821
2.0389,-0.15031,0.53532,-0.77287,-0.68462,-0.4675
2.034,0.25302,0.029037,-0.42096,-0.58792,-0.1949
1.8738,0.013653,0.4908,-0.093702,-1.2511,-0.78108
2.0745,-0.086069,0.26487,-0.59874,-0.78917,-0.79529
2.0306,0.051723,0.41692,-0.8879,-0.42479,-0.71009
1.4862,0.35119,0.38731,-1.1117,-0.67578,-1.1486
2.1839,-0.057249,-0.020653,-0.46446,-0.81932,-0.44191
1.8906,0.082802,0.59976,-0.74264,-0.95376,-0.76501
1.903,0.83149,-0.38357,-0.74769,-0.36623,-0.8206
1.8295,0.7815,-0.51455,-1.212,-0.47141,-0.22641
1.7607,0.065836,0.87283,-0.41427,-0.76574,-1.0926
2.1811,-0.16749,-0.47326,-0.75511,-0.61231,0.037624
1.9309,-0.22287,0.25322,-0.54792,-1.102,-0.70104
1.832,0.56052,0.13004,-1.0912,-1.0125,-0.27671
2.0025,0.13356,0.40076,-0.97683,-0.66803,-0.36379
1.9988,0.19527,0.2363,-0.17838,-0.56991,-0.57666
2.2342,-0.30219,-0.34572,-0.29573,-0.74712,-0.31661
2.0105,0.51501,-0.097573,-0.31668,-0.84673,-0.8142
2.0469,0.028482,-0.064348,-0.80641,-1.018,-0.31833
2.0535,0.17161,0.021534,-0.34952,-0.6353,-0.16648
1.8686,0.33821,0.18631,-1.1663,-0.80326,-0.57516
2.1454,-0.27946,0.0763,-0.66766,-0.87633,-0.29958
2.046,0.18499,0.14722,-0.2853,-0.82097,-0.32459
1.945,0.63409,-0.023999,-0.3998,-0.53135,-0.64795
1.9664,0.19315,0.52646,-0.62612,-0.70643,-0.59921
1.8844,0.55851,0.25592,-0.34397,-0.72368,-0.5929
1.9647,0.18063,0.38356,-0.14916,-0.8855,-0.88364
2.0584,-0.19119,-0.21529,0.30593,-0.19902,-0.87757
1.9903,-0.074262,0.61584,-0.45098,-0.62419,-0.73756
2.0803,-0.14067,-0.41726,0.36838,-0.41782,-0.53191
1.9551,0.49278,0.15784,-0.50772,-1.0387,-0.45247
2.2384,-0.26558,-0.1393,-0.58889,-0.57023,-0.33187
2.1144,-0.062418,0.19332,-0.33096,-0.77513,-0.31574
1.9874,-0.21909,0.41096,-0.60506,-1.1397,-0.40949
1.8947,-0.49706,0.010273,0.63779,-0.19132,-0.92995
2.149,-0.29014,0.029618,-0.90565,-0.58786,-0.36016
2.0453,-0.199,-0.30542,0.46377,-0.70986,-0.8989
1.9046,0.413,0.40094,-0.67273,-1.0409,-0.51445
0.88617,1.6869,0.2705,-0.30079,-1.0303,-0.76925
1.7803,0.87748,-0.030005,-0.30865,-0.96343,-0.43585
1.6314,1.0945,0.082394,-0.53897,-0.98457,-0.79858
1.7184,1.0651,-0.2308,-0.23768,-0.81826,-0.66779
1.7571,0.56261,0.57144,-0.39806,-0.98919,-0.72462
1.1862,1.0643,0.33979,-1.4592,-0.43954,0.28001
1.4272,1.0624,0.49924,-0.31711,-0.85877,-0.67901
1.3286,1.3456,0.29604,-0.4314,-0.80937,-0.86907
1.8314,0.93018,-0.18835,-0.57945,-0.85808,-0.44879
1.3786,0.98384,0.53872,-1.0851,-1.1709,-0.52835
1.7166,0.9426,0.019699,-0.61426,-1.1176,-0.26197
1.5406,0.82156,0.68369,-0.45569,-0.8919,-0.98906
1.3874,0.44754,0.79628,0.16294,-0.30095,-1.1585
1.7323,0.94193,0.10881,-0.45732,-0.94179,-0.53989
1.3979,0.64372,1.0712,-0.5643,-0.85829,-0.83303
1.5012,1.0088,0.45628,-0.32613,-0.6558,-1.0797
1.6319,0.94015,0.41351,-0.62368,-0.82128,-0.64438
1.3465,0.84317,0.93302,-0.46539,-0.84519,-0.77812
1.7852,0.77309,0.31395,-0.56017,-0.65981,-0.86201
1.3582,1.3182,0.27702,-0.39243,-0.83454,-0.85515
0.59198,1.3178,1.1616,-0.54773,-0.77541,-1.1332
1.4838,0.96115,0.62204,-0.45689,-0.94112,-0.81776
1.0533,1.2814,0.64481,-1.0879,-1.1037,-0.63941
1.6279,1.0515,0.22713,-0.64336,-0.89094,-0.8337
0.64857,1.0183,1.0744,0.13149,-0.41235,-0.93542
1.3471,0.85183,0.85056,-0.92846,-1.202,-0.51934
1.0843,1.4611,0.33784,-0.25359,-0.61289,-0.78289
1.787,0.73847,0.31486,-0.68642,-0.9629,-0.43013
1.6155,0.62614,0.8058,-0.79935,-0.84147,-0.78248
1.583,0.39061,0.92146,-0.21202,-0.94543,-0.72065
1.2699,1.4717,0.077169,-0.31961,-0.77389,-0.9768
-0.71756,1.3112,1.4442,0.18319,-0.72731,-0.71657
1.2901,0.95677,0.90273,-0.5074,-0.77884,-0.88033
0.83411,1.3263,0.99579,-0.90639,-0.86344,-0.80637
1.8277,0.83786,-0.053432,-0.26274,-0.83456,-0.61329
0.8989,1.7606,0.1247,-0.38723,-0.81431,-0.86589
1.7076,0.64011,0.4157,-1.2695,-0.19186,-0.70311
1.366,1.0635,0.68818,-0.52625,-0.95972,-0.82042
1.6144,0.99637,0.36428,-0.58583,-0.89198,-0.8141
1.8145,-0.32953,-0.47918,-0.87703,-0.91596,-0.081485
1.9959,-0.37514,-0.26375,-1.0953,-0.68104,0.044522
2.0814,-0.22121,-0.25034,-0.34487,-1.0977,-0.41393
2.121,-0.44428,-0.23897,-0.23089,-0.84573,-0.63496
1.7094,-0.033729,-0.044049,-0.87161,-1.3095,-0.19931
1.7565,-0.18665,-0.38859,-1.0572,-0.96124,0.008242
1.8269,-0.17089,-0.54278,-0.9494,-0.86761,-0.11544
1.6582,-0.35149,-0.31436,-0.8423,-1.1318,-0.03614
1.6474,-0.15419,-0.77023,-0.81747,-1.021,0.14786
1.7282,-0.23972,-0.43993,-1.0115,-0.94207,-0.017557
1.7801,-0.22868,-0.63547,-0.80128,-0.9181,-0.13095
1.7918,-0.2114,-0.49446,-1.0684,-0.80153,-0.0603
1.6947,0.59008,-1.0564,-0.64629,-1.0408,0.059378
1.7688,0.25599,-0.12305,-0.63803,-1.0179,-0.93449
1.901,-0.18525,-0.40653,-0.78586,-1.0379,-0.16661
1.8046,-0.21459,-0.43202,-0.84394,-1.0937,0.003505
1.855,-0.48896,0.36956,-0.64939,-0.99421,-0.6661
1.7072,0.32896,-1.0875,-1.1191,-0.17739,-0.30053
1.6639,-0.2978,-0.40879,-0.9681,-0.9014,-0.18022
1.2048,0.61105,0.33041,-1.6982,-0.86254,-0.2124
1.7255,-0.041491,-0.91518,-0.93844,-0.70279,-0.026492
1.5526,-0.019515,-0.39212,-1.2182,-0.89697,-0.092712
1.1638,-1.7581,-0.31495,0.28387,-0.6779,0.47018
1.6986,-1.2686,-0.37551,0.99682,-0.31916,-0.34484
1.3028,-1.3386,-0.55516,-0.1014,-0.67417,1.3173
1.4319,-1.8199,0.056708,0.62822,-0.46153,0.001474
1.2352,-1.7966,-0.062241,0.41659,-0.76733,0.53973
1.928,-1.1381,-0.58318,0.056551,-0.73121,0.22585
1.5799,-1.7751,-0.13612,0.28206,-0.37217,0.093242
1.8578,-1.2863,-0.3381,0.062704,-0.19952,0.5563
1.2983,-1.615,0.082606,-0.51777,-0.49832,0.17703
1.5749,-1.3772,-0.80793,0.42683,-0.65487,0.35693
0.90605,-2.075,-0.28446,0.34709,-0.019379,0.42448
1.4219,-1.7233,-0.52233,0.28315,-0.41498,0.36212
1.5674,-1.6452,-0.3859,0.23901,-0.45924,0.64676
1.0964,-1.7286,-0.52935,0.075671,-0.43412,1.0603
1.4639,-1.3117,-0.83607,-0.48548,-0.23891,0.42747
1.2322,-1.9909,-0.16637,0.19763,-0.16856,0.3442
1.28,-1.6501,-0.73167,0.30504,-0.42465,0.40536
1.3848,-1.7739,-0.063955,0.67558,-0.49573,-0.17335
1.349,-1.6291,-0.55087,0.76803,-0.58913,0.5175
1.7211,-1.3482,-0.44398,0.70681,-0.71272,0.11761
1.2444,-1.7738,-0.64249,0.48122,-0.22046,0.14144
1.2667,-1.7345,-0.6053,0.25806,-0.42612,0.58859
1.364,-1.5507,-0.59239,0.35177,-0.50414,1.0006
1.0586,-1.7795,-0.4801,1.0393,-0.45343,0.24773
1.1303,-1.6297,-0.74477,0.44622,-0.55584,0.88585
1.873,-1.4769,-0.3028,0.042197,-0.30714,-0.14642
1.0621,-2.0222,-0.2909,0.41662,-0.16325,0.5033
1.2066,-1.996,0.58691,0.37234,-0.046677,0.12194
1.2645,-1.9466,0.11679,0.6703,-0.34357,0.15281
1.0841,-1.8406,-0.48562,0.38644,-0.38299,0.3567
1.6628,-1.5618,-0.80752,0.13415,0.18487,0.28525
1.2504,-1.6667,-0.67334,0.44624,-0.51273,0.38451
1.5431,-1.2781,-0.83926,0.54393,-0.79381,0.50009
1.4572,-1.4796,-0.23488,0.27735,-0.97453,0.20322
0.81417,-1.7917,-0.5435,0.45115,-0.44868,0.38939
1.9192,-1.0336,0.11806,0.5966,-0.41066,-0.62854
1.7553,-0.78287,0.30377,0.31512,1.2893,-0.041177
1.7573,-0.84057,0.037734,0.97375,1.0537,0.22368
1.626,-1.3199,-0.14574,-0.44816,-0.80591,0.27819
1.6639,-1.1499,-0.37951,-0.35944,-0.74182,-0.072631
1.7858,-1.1179,-0.92648,-0.28032,-0.32157,0.15588
-0.78633,1.1326,1.6171,-0.070924,-0.21376,-0.94849
-1.8484,-0.12637,-0.30499,-0.18017,0.59304,0.5166
-0.98481,1.0096,1.565,0.056663,-0.89963,-0.85839
-1.6267,0.19382,1.116,0.75008,0.82289,-0.77369
-1.4907,1.0116,-0.96528,-0.26653,1.0864,-0.12143
-2.0252,0.30175,-0.068474,1.0191,0.86094,0.053424
-2.2006,0.23641,0.31351,0.43674,0.8395,0.050123
-1.9822,-0.42623,0.15428,0.76265,0.97451,0.57518
-1.38,1.649,-0.13903,-0.39555,-0.6775,0.086127
-2.0035,-0.52194,0.16271,0.85412,0.86696,0.31062
-2.0659,-0.46318,0.17909,0.38602,0.80151,0.48479
-1.8859,1.2351,0.59666,0.084604,0.19228,-0.60784
-2.1878,0.61767,0.43454,0.23889,0.7569,0.11089
-1.8386,-0.72803,0.12676,0.69355,1.1831,0.41264
-2.2502,0.16409,0.40195,0.42942,0.48797,0.25773
-1.8551,-0.91544,0.61279,0.526,0.8587,0.51317
-1.8764,-0.75243,0.19566,0.84674,0.93201,0.52088
-2.0969,-0.33134,0.39137,0.80448,0.74033,0.35495
-1.9223,-0.013774,0.44051,0.75628,0.79423,0.64569
-1.5868,-0.64583,0.072675,0.9669,1.1799,0.61187
-1.7324,-0.017561,0.45908,1.2246,0.87143,-0.082834
-1.6661,-0.1812,0.005246,1.0973,1.0525,0.49111
-1.5661,-0.33913,0.20613,1.1767,0.87202,0.59456
-1.7943,-0.21246,-0.000183,1.052,1.1699,-0.45166
-2.1283,0.18892,1.0284,0.36925,0.45582,-0.077931
-2.1102,0.38617,-0.18937,0.67412,0.8676,0.39299
-2.1135,0.37417,0.59145,-0.33951,0.80808,0.4883
-2.11,0.044368,1.1121,0.29736,0.29464,-0.004349
-2.2154,0.34626,0.017187,0.43956,0.64137,0.1982
-1.0839,1.573,1.1399,-0.91158,-0.21704,-0.40575
-2.1738,0.60138,0.86455,0.17482,0.34102,0.093182
-1.4226,1.2489,1.2627,-0.68858,0.17261,-0.56401
-1.7539,1.1249,1.1451,-0.34265,0.046674,-0.42885
-1.5803,-0.78583,-0.25092,1.2193,1.1243,0.26727
-1.5983,-0.28306,0.15816,1.2891,1.1761,-0.47109
-2.1306,0.59411,0.39751,0.1407,0.9187,0.24305
-2.0739,-0.43221,0.2746,0.49614,0.93146,0.39798
-2.0602,0.89408,0.56422,0.51657,0.51998,-0.27273
-1.7952,1.3354,0.57064,0.47522,0.25367,-0.5331
-1.9615,-0.37479,-0.31822,0.40442,0.94355,0.61264
-1.8357,0.40766,0.4332,0.63415,1.1274,-0.77653
-2.1132,0.052584,0.22509,0.54051,1.0795,0.11701
-2.0372,-0.29482,0.27709,0.042246,1.1154,0.586
-1.8874,-0.65525,0.031766,1.0789,0.79602,0.25799
-1.7938,1.1515,0.92723,0.30024,0.30139,-0.5497
-1.7438,0.18452,-0.30953,0.69292,1.3374,0.44246
-2.1839,-0.019474,0.16633,0.33942,0.84279,0.50427
-2.0268,-0.13214,-0.29946,0.2764,0.93091,0.79786
-1.8466,-0.071625,0.089712,1.0708,1.073,0.18097
-2.0753,0.1232,0.54566,0.62653,0.68016,0.55985
-1.9288,0.64189,0.57925,0.95218,0.51837,-0.1999
-1.8802,-0.67177,0.54078,0.73386,0.93898,0.51828
-1.5986,-0.3093,0.22585,-0.10904,1.3861,-0.59836
-2.0213,-0.4843,0.41876,0.66826,0.9395,0.41349
