4 -31.744664 -43.068238 17.657017 57.155885
4 -30.044529 -55.155612 19.436089 65.764052
2 -9.775398 46.072945 34.636347 -70.933893
2 -3.716782 30.531555 30.417743 -57.232516
2 -14.215301 41.007475 26.237341 -53.029516
2 -9.501715 34.441402 28.688699 -53.628386
2 -10.754722 46.401276 29.857928 -65.504483
2 35.158288 35.747676 -9.632357 -61.273607
4 -2.349143 -67.996704 -3.835154 74.181001
4 -5.661817 -54.434307 -5.092943 65.189066
4 -30.151835 -50.028577 -0.385130 80.565542
4 -6.819209 -38.589113 -9.433080 54.841401
1 35.896989 29.620244 -7.256825 -58.260408
3 -16.573065 6.153132 16.884762 -6.464830
3 -18.085476 -2.167391 22.334446 -2.081579
4 -1.044367 -53.687363 13.785205 40.946526
4 1.166150 -61.210263 -29.771080 89.815193
4 2.710789 -66.405908 -19.417743 83.112863
2 -20.955727 38.565431 25.842440 -43.452145
2 -22.464748 40.130242 26.046128 -43.711623
2 -16.632518 45.630695 32.641269 -61.639446
4 -5.873872 -45.627481 2.084673 49.416680
2 -18.388802 37.293150 27.726445 -46.630794
2 -21.735924 34.812959 22.481333 -35.558369
4 -13.109808 -15.627934 11.514307 17.223435
2 -20.695914 39.140878 23.837438 -42.282402
2 -10.902282 47.896673 32.773354 -69.767746
2 -20.752869 44.009339 4.867282 -28.123753
2 -22.586930 37.881747 17.091106 -32.385924
