0.36964
0.36964
0.39713
0.38302
0.38565
0.37669
0.37687
0.37509
0.38045
0.38032
0.37527
0.37859
0.37911
0.37527
0.37509
0.37509
0.37527
0.37824
0.37509
0.37078
0.36977
0.37064
0.37509
0.37527
0.37078
0.37527
0.37078
0.37064
0.37527
0.38045
0.37509
0.38038
0.37527
0.37064
0.37527
0.37121
0.37432
0.37687
0.37139
0.37527
0.37527
0.37147
0.37052
0.36977
0.37445
0.37432
0.37509
0.37147
0.37527
0.37147
0.37445
0.37052
0.37527
0.37147
0.37527
0.37147
0.37527
0.37052
0.37514
0.37147
0.37527
0.37147
0.37078
0.37509
0.37147
0.37509
0.37419
0.37527
0.37147
0.37445
0.37133
0.37133
0.37147
0.37078
0.38032
0.37147
0.37147
0.37527
0.37147
0.37147
0.37078
0.37147
0.37121
0.37527
0.37147
0.37133
0.37527
0.37527
0.37527
0.37527
0.37527
0.37147
0.37147
0.37147
0.37527
0.38032
0.37509
0.37445
0.3707
0.37445
