    474 6 4
	1.163781	-1.758143	-0.31495	0.283874	-0.6779	0.470183	0.833156
	0.955552	-1.48956	-0.499057	-0.099143	-0.674453	1.414381	0.39228
	1.454598	-0.735149	-0.073602	-0.618896	-0.789697	1.391507	-0.62876
	1.698578	-1.268638	-0.375511	0.996817	-0.319158	-0.344837	-0.387251
	1.302831	-1.338633	-0.555163	-0.101402	-0.674167	1.317301	0.049233
	1.431937	-1.819908	0.056708	0.628218	-0.461532	0.001474	0.163103
	0.472715	-1.713187	-0.916225	-0.131575	0.433669	0.731209	1.123394
	1.235163	-1.796627	-0.062241	0.41659	-0.767331	0.539733	0.434713
	1.927985	-1.138106	-0.583176	0.056551	-0.731212	0.225849	0.242109
	1.93726	-1.094734	-0.423042	-0.165499	-0.823443	0.316565	0.252894
	1.579942	-1.77506	-0.136119	0.28206	-0.372171	0.093242	0.328105
	0.273979	-1.959266	-0.674947	0.189875	0.616735	0.837517	0.716106
	1.857839	-1.286335	-0.338097	0.062704	-0.199524	0.556297	-0.652884
	1.298308	-1.614989	0.082606	-0.517775	-0.498323	0.177034	1.073139
	1.574891	-1.377246	-0.807925	0.426834	-0.654867	0.356929	0.481385
	0.906054	-2.074963	-0.284458	0.347086	-0.019379	0.424481	0.701179
	1.421891	-1.723291	-0.522326	0.283152	-0.414976	0.362122	0.593428
	1.567397	-1.645187	-0.385901	0.239011	-0.459244	0.646757	0.037166
	1.096441	-1.728575	-0.529348	0.075671	-0.434116	1.060268	0.459658
	1.46387	-1.311697	-0.836072	-0.48548	-0.238914	0.427468	0.980826
	1.232222	-1.990873	-0.166368	0.197632	-0.168563	0.344202	0.551748
	1.28004	-1.650058	-0.731675	0.305035	-0.424647	0.405359	0.815947
	1.384835	-1.773863	-0.063955	0.675577	-0.495727	-0.173353	0.446486
	1.348972	-1.629097	-0.550872	0.768029	-0.589126	0.517498	0.134596
	1.7211	-1.348208	-0.443976	0.706813	-0.71272	0.117607	-0.040616
	1.24436	-1.773751	-0.642486	0.481224	-0.220465	0.141442	0.769675
	1.266747	-1.734512	-0.605302	0.258056	-0.426123	0.588589	0.652546
	1.363987	-1.550742	-0.592388	0.351769	-0.504137	1.000574	-0.069064
	1.058571	-1.779534	-0.4801	1.039334	-0.453431	0.24773	0.367431
	1.130338	-1.629696	-0.744775	0.446222	-0.555839	0.885855	0.467896
	1.873025	-1.476941	-0.302802	0.042197	-0.307143	-0.14642	0.318083
	1.062079	-2.022232	-0.2909	0.416617	-0.163246	0.503301	0.494381
	1.206584	-1.995975	0.586913	0.372343	-0.046677	0.121935	-0.245124
	1.264464	-1.946646	0.116791	0.6703	-0.343567	0.152811	0.085847
	1.084111	-1.840589	-0.485625	0.386436	-0.382992	0.356701	0.881959
	1.662757	-1.56178	-0.807516	0.134149	0.184872	0.285251	0.102267
	1.250374	-1.666695	-0.673345	0.446237	-0.512727	0.384513	0.771644
	1.543073	-1.278071	-0.839259	0.543934	-0.793814	0.500093	0.324044
	1.45717	-1.479587	-0.234881	0.27735	-0.974528	0.203222	0.751254
	0.814172	-1.791707	-0.543501	0.451153	-0.448684	0.389395	1.129172
	2.05335	0.327185	-1.027963	-0.674606	-0.242438	-0.142648	-0.29288
	1.705491	0.200031	0.156962	-1.099665	-1.304636	0.339571	0.002247
	1.951228	-0.726503	0.640615	-0.366259	-0.822534	-0.666109	-0.010438
	1.956552	-0.650556	0.642078	-0.479959	-0.711255	-0.774506	0.017647
	1.969299	0.734462	-0.243047	-0.562518	-0.606599	-0.59653	-0.695067
	1.933518	0.075266	0.605892	-0.34521	-0.941422	-0.637197	-0.690848
	1.884626	0.520567	-0.212838	0.266928	-0.672899	-0.814867	-0.971516
	1.883469	0.05538	0.575222	-0.213866	-1.167318	-0.381365	-0.751523
	2.169617	0.138218	-0.086002	-0.508394	-0.62564	-0.43272	-0.655078
	1.781606	0.627318	0.034375	-1.182095	-0.928253	-0.408077	0.075126
	1.85402	0.771552	-0.71413	-1.045221	-0.362667	-0.020975	-0.482578
	1.919191	-1.033622	0.118061	0.596602	-0.410659	-0.628536	-0.561037
	1.798103	0.264038	0.61563	-0.056168	-0.974946	-0.757401	-0.889257
	1.88383	-0.229729	0.722776	-0.759516	-1.070075	-0.227183	-0.320103
	1.845564	-0.09403	0.545032	0.183341	-0.535894	-0.775025	-1.168988
	2.088752	-0.749143	0.187103	0.144158	-0.782196	-0.362454	-0.52622
	1.979234	0.702682	-0.536223	-0.367585	-0.368889	-0.568242	-0.840976
	1.966606	0.573328	0.058621	-0.567316	-0.935189	-0.588209	-0.507841
	2.038944	-0.150313	0.535319	-0.772867	-0.684621	-0.467501	-0.498962
	2.194396	-0.371301	-0.415507	-0.287377	-0.858667	-0.23082	-0.030724
	2.033996	0.253023	0.029037	-0.420963	-0.587917	-0.194903	-1.112274
	1.873794	0.013653	0.490803	-0.093702	-1.25111	-0.781077	-0.252361
	2.074549	-0.086069	0.264872	-0.598741	-0.789167	-0.795289	-0.070156
	2.03062	0.051723	0.416924	-0.887897	-0.424787	-0.710091	-0.476494
	1.486194	0.351191	0.387313	-1.111716	-0.675776	-1.148582	0.711376
	1.93643	-0.581725	0.596765	-0.567301	-0.89767	0.150275	-0.636773
	2.183889	-0.057249	-0.020653	-0.46446	-0.819325	-0.441909	-0.380294
	1.890641	0.082802	0.599763	-0.742635	-0.953758	-0.765012	-0.111801
	1.903036	0.831485	-0.383573	-0.747687	-0.366231	-0.820598	-0.416432
	1.829515	0.781502	-0.514545	-1.212049	-0.471412	-0.226406	-0.186605
	1.760689	0.065836	0.872832	-0.414267	-0.765744	-1.092551	-0.426796
	2.104517	-0.529486	0.41791	-0.671324	-0.660434	-0.403305	-0.257878
	2.046467	-0.736228	0.429526	-0.855139	-0.524385	-0.264731	-0.09551
	1.629695	-0.674996	0.795268	0.404075	-0.153262	-0.816411	-1.184369
	2.181082	-0.167488	-0.473258	-0.755108	-0.612311	0.037624	-0.21054
	1.930861	-0.222874	0.253224	-0.547919	-1.101998	-0.701043	0.389749
	1.832001	0.56052	0.130036	-1.091234	-1.012482	-0.276715	-0.142126
	2.002456	0.133565	0.400758	-0.976831	-0.668027	-0.363792	-0.528129
	1.998756	0.195266	0.2363	-0.178381	-0.569906	-0.576655	-1.10538
	2.234235	-0.302194	-0.345721	-0.295734	-0.747121	-0.316606	-0.22686
	2.010539	0.515005	-0.097573	-0.316682	-0.846726	-0.814201	-0.450361
	2.046862	0.028482	-0.064348	-0.806413	-1.018039	-0.318325	0.131781
	2.053494	0.171615	0.021534	-0.34952	-0.635304	-0.166485	-1.095333
	1.868556	0.338213	0.18631	-1.166344	-0.80326	-0.575157	0.151681
	2.145429	-0.279457	0.0763	-0.667664	-0.87633	-0.29958	-0.098698
	2.045963	0.18499	0.147219	-0.285303	-0.820972	-0.324592	-0.947306
	1.944956	0.634094	-0.023999	-0.3998	-0.531347	-0.647953	-0.975952
	1.966363	0.193145	0.526459	-0.626118	-0.706426	-0.599214	-0.754209
	1.884401	0.558512	0.255923	-0.343971	-0.723678	-0.592896	-1.038291
	1.964742	0.180631	0.383558	-0.14916	-0.885495	-0.883638	-0.610638
	2.058424	-0.191194	-0.215285	0.305926	-0.199018	-0.87757	-0.881283
	1.990259	-0.074262	0.615836	-0.450975	-0.624188	-0.737563	-0.719105
	2.132486	-0.750415	-0.292023	0.18624	-0.592375	-0.645798	-0.038116
	2.080257	-0.140672	-0.41726	0.36838	-0.417821	-0.531914	-0.94097
	2.13661	-0.718587	0.11166	0.06512	-0.385838	-0.70973	-0.499235
	1.955136	0.492778	0.157836	-0.50772	-1.038717	-0.452465	-0.606847
	1.857085	-0.64222	0.464389	-0.477165	-1.175599	0.382395	-0.408885
	2.238441	-0.265576	-0.139301	-0.588891	-0.570229	-0.331875	-0.342569
	2.114379	-0.062418	0.193322	-0.330955	-0.775128	-0.315739	-0.82346
	1.987435	-0.219088	0.410956	-0.605055	-1.139656	-0.409488	-0.025103
	1.894731	-0.497065	0.010273	0.637793	-0.191322	-0.929947	-0.924463
	2.149005	-0.290144	0.029618	-0.905651	-0.587864	-0.360164	-0.034801
	1.87016	-0.235696	-0.162027	-0.341001	-0.985445	0.740226	-0.886217
	2.045328	-0.198998	-0.305417	0.463768	-0.709857	-0.898898	-0.395925
	1.904577	0.412998	0.400941	-0.672729	-1.040938	-0.514449	-0.4904
	0.886166	1.686858	0.270499	-0.300791	-1.030286	-0.769248	-0.743198
	1.78032	0.877485	-0.030005	-0.308654	-0.963431	-0.435854	-0.919861
	1.631402	1.094453	0.082394	-0.538965	-0.984568	-0.798575	-0.486141
	1.718428	1.065119	-0.230799	-0.237676	-0.81826	-0.667793	-0.829019
	1.757145	0.562605	0.571445	-0.398062	-0.989188	-0.724619	-0.779325
	1.18624	1.064252	0.339788	-1.459169	-0.439543	0.280012	-0.97158
	1.427237	1.062406	0.499242	-0.317107	-0.858773	-0.679009	-1.133995
	1.328591	1.34556	0.296041	-0.431405	-0.809367	-0.869069	-0.860352
	1.831386	0.930182	-0.188346	-0.579451	-0.858083	-0.44879	-0.686898
	1.378561	0.983845	0.538724	-1.08514	-1.170937	-0.528351	-0.116701
	1.716621	0.942599	0.019699	-0.614258	-1.117614	-0.261971	-0.685076
	1.540562	0.821558	0.683688	-0.455691	-0.891899	-0.989058	-0.70916
	1.387421	0.447537	0.796276	0.162937	-0.300947	-1.158534	-1.33469
	1.732317	0.941925	0.108812	-0.457319	-0.941794	-0.539894	-0.844047
	1.397927	0.643722	1.071219	-0.564298	-0.858294	-0.833028	-0.857248
	1.501198	1.008783	0.456284	-0.326127	-0.655796	-1.079716	-0.904627
	1.631923	0.940147	0.413514	-0.623678	-0.821279	-0.644381	-0.896246
	1.346491	0.843169	0.933015	-0.465386	-0.845194	-0.778124	-1.033971
	1.785226	0.773086	0.313955	-0.560169	-0.659814	-0.862006	-0.790279
	1.358178	1.318224	0.277018	-0.392435	-0.834544	-0.855153	-0.871289
	0.591979	1.3178	1.161581	-0.547733	-0.775406	-1.133232	-0.61499
	1.483769	0.961145	0.622037	-0.456889	-0.941122	-0.817755	-0.851186
	1.053334	1.281431	0.644814	-1.087904	-1.103714	-0.639415	-0.148545
	1.627853	1.051547	0.227128	-0.643359	-0.890941	-0.833704	-0.538524
	0.648566	1.018339	1.074396	0.131487	-0.412349	-0.935415	-1.525024
	1.347085	0.851825	0.850556	-0.928459	-1.202013	-0.519345	-0.399649
	1.084295	1.461114	0.337839	-0.253588	-0.61289	-0.782889	-1.23388
	1.786969	0.738473	0.314861	-0.686419	-0.962904	-0.430128	-0.760853
	1.615484	0.626139	0.805802	-0.799353	-0.841473	-0.782484	-0.624115
	1.583023	0.390606	0.921456	-0.21202	-0.945426	-0.720652	-1.016987
	1.269916	1.471706	0.077169	-0.319606	-0.773893	-0.976804	-0.748489
	-0.717562	1.311242	1.4442	0.18319	-0.727312	-0.716574	-0.777183
	1.290087	0.956772	0.902726	-0.507395	-0.778844	-0.880329	-0.983016
	0.834109	1.326271	0.99579	-0.906389	-0.863439	-0.806368	-0.579975
	1.82774	0.837863	-0.053432	-0.262738	-0.834556	-0.613293	-0.901584
	0.898904	1.760627	0.124697	-0.387231	-0.814311	-0.865895	-0.716791
	1.707606	0.640109	0.415701	-1.269493	-0.191857	-0.703111	-0.598955
	-0.786331	1.132637	1.617144	-0.070924	-0.213759	-0.94849	-0.730277
	1.366025	1.063504	0.688184	-0.526248	-0.959716	-0.820417	-0.811332
	1.614402	0.996367	0.364277	-0.585831	-0.891984	-0.8141	-0.683131
	-0.977137	-1.095521	-1.085739	0.664716	1.028522	0.516762	0.948397
	-1.402809	-0.971174	-0.38906	-0.156951	1.18466	0.823858	0.911475
	-1.561388	-0.704966	-0.428895	-0.089461	0.512044	1.01708	1.255586
	-0.876189	-0.923297	-0.94718	-0.405354	0.985566	1.094433	1.072021
	-0.908468	-1.029839	-0.974883	-0.116741	0.774157	1.070799	1.184974
	-0.905493	-1.280963	-0.783092	0.537272	1.348166	0.201377	0.882734
	-0.983187	-1.136292	-0.813903	-0.039306	1.284944	0.881816	0.805929
	-1.199018	-1.026013	-0.906172	0.556873	1.169445	0.593031	0.811855
	-1.681707	-0.979008	-0.249596	0.590282	0.848155	0.728803	0.743071
	-1.069041	-1.242268	-0.503035	-0.054408	1.387165	0.606367	0.875219
	-0.979869	-1.200069	-0.915014	0.895684	1.145695	0.311651	0.741922
	-0.781673	-1.465995	-0.708764	0.123844	1.107285	0.924882	0.800421
	-0.841564	-1.000569	-1.037265	-0.146597	0.736551	1.022377	1.267068
	-0.82243	-0.922419	-1.06987	-0.290958	0.947328	0.987496	1.170852
	-1.104101	-1.174586	-0.774101	0.190229	1.093244	0.832364	0.936951
	-1.025092	-1.022133	-0.900602	0.219352	0.35641	1.415003	0.957062
	-1.10462	-1.159466	-0.739137	0.171026	1.003332	1.215125	0.61374
	-0.977127	-1.264497	-0.755247	0.07162	1.078813	0.956665	0.889772
	-1.280986	-1.255532	-0.31297	0.022587	0.828044	0.978434	1.020423
	-0.963729	-1.14725	-0.954051	0.186654	1.080738	0.784262	1.013376
	-1.405054	-1.312689	-0.18137	0.536521	0.762939	1.045184	0.554468
	-0.944916	-0.97629	-0.997381	-0.102914	0.750183	1.079039	1.192279
	-0.912778	-1.371857	-0.758625	0.28957	1.165548	0.848306	0.739836
	-0.84071	-1.321189	-0.959631	0.614557	1.155705	0.691126	0.66014
	-1.604479	-0.867197	-0.471404	0.333021	1.070033	0.839595	0.70043
	-0.905255	-1.193289	-0.942856	0.128601	1.021348	0.847962	1.043489
	-1.107174	-1.20074	-0.774632	0.331333	1.097304	0.986281	0.667627
	-1.26587	-0.764363	-0.881327	-0.050219	1.117179	1.128092	0.716508
	-1.691161	-0.972369	-0.10104	0.558751	1.115773	0.673494	0.416552
	-1.45189	-0.752868	-0.59235	-0.147648	1.175502	0.937496	0.831758
	-1.377547	-0.930144	-0.504501	-0.159238	0.953579	0.931003	1.086848
	-0.948036	-1.203912	-0.807463	-0.020428	1.096567	1.050252	0.833021
	-1.474729	-0.860913	-0.650126	0.217994	0.809442	0.835832	1.1225
	-1.111924	-1.036175	-0.949977	0.332087	0.935548	0.663505	1.166936
	-1.562107	-0.694715	-0.372027	-0.073217	0.344617	1.04477	1.312679
	-1.051999	-0.977861	-0.983827	0.194779	1.35808	0.630819	0.83001
	-1.366814	-0.964903	-0.512269	-0.095747	1.150619	0.943573	0.845541
	-1.460313	-0.984534	-0.466737	0.197385	0.96453	1.175157	0.574511
	-1.228192	-1.05259	-0.871941	0.508501	0.867252	0.758467	1.018503
	-1.158106	-1.121685	-0.868005	0.457362	0.802708	0.866706	1.021019
	-0.980051	-0.982519	-1.157566	0.343679	0.909014	0.781895	1.085548
	-0.959053	-0.560354	-1.214465	-0.348588	1.068619	1.001629	1.012212
	-1.284859	-1.204498	-0.572698	0.391933	0.825061	0.79238	1.05268
	-1.120745	-0.830614	-1.015327	-0.025632	0.884796	0.956858	1.150663
	-0.604664	-0.916068	-0.808818	-0.790556	0.646779	1.096956	1.376372
	-0.700836	-0.880233	-0.691609	-0.710575	0.350917	1.030649	1.601687
	-1.385224	-0.329428	-1.150993	0.271232	1.324862	0.715838	0.553712
	-0.267186	-1.473683	-1.081746	0.060458	0.880411	0.804062	1.077684
	-0.739949	-0.732826	-1.283964	-0.216964	0.775975	0.780539	1.417189
	-1.024116	-1.087658	-1.067037	0.554185	0.893457	0.752092	0.979077
	-1.050618	-1.124799	-0.94351	0.425742	0.764228	0.724604	1.204353
	-1.259009	-1.226161	-0.445633	0.361206	1.128276	1.08853	0.352791
	-1.039693	-1.182318	-0.801457	0.604338	0.943431	0.220791	1.254908
	-1.580807	-0.957397	-0.370833	0.286726	1.04178	0.913484	0.667047
	-1.408404	-1.417191	0.557254	0.12239	1.025376	0.600371	0.520204
	-1.080895	-1.016558	-0.974953	0.230201	1.120574	1.029716	0.691916
	-1.389413	-0.77525	-0.246928	-0.151901	0.019656	0.999397	1.544439
	-0.946762	-1.268152	-0.902941	0.740382	0.994432	0.997025	0.386016
	-1.071145	-1.102949	-0.820088	0.063251	0.965295	0.763786	1.20185
	-1.063019	-0.979401	-0.957315	0.030959	1.1819	0.89456	0.892316
	-1.111884	-1.098028	-0.854919	0.313912	1.224557	0.942334	0.584027
	-0.732752	-1.473199	-0.706829	0.067701	0.917157	0.753066	1.174855
	-1.204994	-0.93423	-0.973043	0.308042	0.844382	0.976096	0.983746
	-0.989456	-0.906274	-1.032535	-0.106435	1.142462	0.830615	1.061624
	-0.749497	-1.204175	-0.785182	-0.251187	1.408738	0.598547	0.982756
	-1.040639	-1.132795	-0.980145	0.570309	0.672265	0.768424	1.142582
	-1.595659	-0.850039	-0.357637	0.114584	0.772845	0.677209	1.238697
	-0.981701	-1.096114	-1.042989	0.780693	1.110063	0.887733	0.342314
	-1.04726	-1.073273	-1.013072	0.395326	0.911437	0.727218	1.099623
	-1.173287	-0.849185	-0.985077	0.091683	1.156825	0.741422	1.017619
	-0.858281	-1.168426	-1.076741	0.373103	0.988489	0.641348	1.100509
	-0.682593	-1.140698	-1.122387	-0.035532	0.997825	1.059868	0.923516
	-0.985075	-1.241994	-0.897933	0.43246	0.874274	0.713729	1.104539
	-1.686397	-0.227386	-0.688411	-0.120121	0.701283	0.808104	1.212928
	-1.025265	-1.055639	-0.914387	0.045701	0.915346	0.805772	1.228471
	-1.002793	-1.112996	-1.043142	0.463726	0.843725	0.810423	1.041057
	-1.561891	-0.674953	-0.495499	-0.166403	1.00528	0.827299	1.066168
	-0.916202	-1.079588	-0.758391	-0.228197	1.245055	0.475899	1.261424
	-1.128815	-1.144492	-0.61742	-0.043893	0.7133	0.942059	1.279261
	-1.122239	-0.756614	-0.779968	-0.470047	1.139469	0.819237	1.170163
	-1.01992	-1.121256	-0.899899	0.100998	1.005641	0.957359	0.977077
	-1.024105	-0.724599	-0.476281	0.182501	1.170087	1.535374	-0.662978
	-1.531256	-0.735455	-0.624601	0.127334	0.719899	0.797726	1.246354
	-1.717965	-0.582687	-0.364726	-0.026969	0.795451	0.680612	1.216284
	-0.83647	-1.650372	-0.325281	0.191207	1.116717	0.584982	0.919217
	-1.192458	-1.406764	-0.299657	0.214534	1.056808	0.918543	0.708995
	-1.385108	-0.974835	-0.535244	0.053968	1.241245	0.902762	0.697212
	-0.82107	-1.201745	-0.987587	0.092808	1.016461	0.7812	1.119932
	-0.557754	-1.362674	-1.023184	0.070195	0.90794	0.872532	1.092945
	-1.137958	-1.156249	-0.846118	0.472957	0.933419	0.702701	1.031249
	-0.895169	-1.094459	-1.148353	0.398456	0.95467	0.794704	0.990152
	-1.201836	-0.727149	-0.836264	-0.329655	1.145303	0.917151	1.032448
	-1.230112	-0.716315	-0.944433	0.157502	1.523926	0.564447	0.644984
	-1.192615	-0.986411	-0.679672	-0.071419	1.058507	0.571314	1.300296
	-0.968862	-1.233481	-0.973327	0.617055	0.90381	0.714165	0.94064
	-0.999634	-1.229569	-0.892256	0.6336	1.127688	0.897583	0.462588
	-0.936266	-0.942313	-0.760508	-0.512714	0.935691	0.930408	1.285702
	-1.694103	-0.971543	-0.161167	0.429656	0.95025	0.609887	0.837021
	-1.074765	-0.667271	-1.121698	-0.117384	0.818577	0.837057	1.325485
	-0.92711	-1.221788	-0.896211	0.152631	1.094957	0.956806	0.840715
	-1.063291	-1.169701	-0.844629	0.210495	0.951411	0.916997	0.998718
	-1.813045	-0.561154	-0.495735	0.603678	0.919974	0.540465	0.805816
	-1.272336	-1.196696	-0.59214	0.53138	0.949276	1.078306	0.502212
	-0.811368	-0.91906	-0.993304	-0.224685	1.197715	0.378927	1.371775
	-0.941995	-1.146379	-0.99455	0.342145	0.888095	0.620291	1.232393
	-0.972235	-1.261936	-0.877452	0.387918	0.951885	0.704094	1.067727
	-1.138435	-0.873458	-0.991954	0.129603	0.960025	0.651738	1.26248
	-1.6412	-0.60886	-0.645609	0.180897	0.826614	0.843187	1.044971
	-1.356907	-0.902493	-0.615505	-0.032242	1.281583	0.831987	0.793578
	-1.022813	-1.132198	-0.887362	0.174304	1.163765	1.006284	0.69802
	-0.964756	-1.110987	-0.880312	-0.028083	0.846586	0.89856	1.238991
	-1.076368	-1.149263	-0.679874	0.162024	0.369254	0.990493	1.383734
	-0.295509	-1.210346	-1.306703	-0.037462	1.093507	0.863578	0.892936
	-1.413374	-0.916022	-0.644907	0.132353	0.890549	0.847646	1.103754
	-1.848415	-0.126374	-0.304989	-0.180172	0.593037	0.516604	1.35031
	-0.911376	-0.849529	-1.199747	-0.014804	0.90045	0.888425	1.186581
	-1.466775	-0.920744	-0.68445	0.497068	1.009797	0.639746	0.925358
	-0.937575	-1.305512	-0.72042	0.053654	1.075802	0.750462	1.083589
	-1.39423	-1.232721	-0.299251	0.326281	1.081508	0.854239	0.664175
	-1.362258	-0.807184	-0.739619	-0.012533	1.214218	0.771156	0.93622
	-0.888629	-1.300556	-0.88206	0.25156	1.034439	0.809059	0.976187
	-1.566044	-0.621525	-0.714193	0.171895	1.179036	0.655147	0.895684
	-1.098181	-1.285346	-0.699812	0.333724	1.032743	0.844457	0.872415
	-0.727191	-0.762893	-0.837736	-0.860836	0.894403	1.232547	1.061706
	-1.030258	-1.030446	-0.894518	-0.010375	1.290426	0.901549	0.773622
	-1.302559	-0.484801	-0.843178	-0.382019	1.15551	0.652929	1.204118
	-1.461014	-1.100154	-0.38992	0.284553	1.03553	0.716305	0.9147
	-1.351115	-1.226683	-0.269707	0.151805	0.831467	0.662921	1.201312
	0.039085	-1.24689	-1.370773	-0.168348	0.998502	0.800455	0.947968
	-1.176644	-0.711324	-0.960051	-0.172261	1.22724	1.045747	0.747293
	-1.358802	-1.031867	-0.624776	0.305186	1.216177	0.818452	0.67563
	-1.31359	-0.951068	-0.718889	0.221832	1.327321	0.799104	0.63529
	-1.283571	-1.084149	-0.760016	0.633268	1.119318	0.684314	0.690837
	-0.671643	-1.003868	-0.764524	-0.740183	1.067039	0.919767	1.193412
	-1.217215	-0.285744	-1.374647	0.634323	1.211518	0.784836	0.246929
	-1.769716	-0.904294	0.041052	0.21137	0.978338	0.669845	0.773406
	-1.477368	-0.930026	-0.366465	0.158812	1.143179	0.287122	1.184746
	-1.168132	-1.0977	-0.890686	0.54412	1.054683	0.867001	0.690714
	-1.1078	-0.931417	-1.106318	0.512603	0.878508	0.645091	1.109333
	-1.234915	-1.035284	-0.808602	0.245675	0.86323	0.942723	1.027173
	-0.945245	-1.173712	-0.951558	0.300253	1.008866	0.594139	1.167256
	-1.012661	-0.984238	-1.090341	0.301027	0.900074	0.680929	1.205211
	-1.300087	-0.908075	-0.543512	-0.287503	1.150217	0.948086	0.940874
	-1.428908	-0.803479	-0.678433	0.08895	1.291582	0.817036	0.713251
	-1.244907	-0.971882	-0.787225	0.075443	1.079882	0.975648	0.873042
	-1.050137	-1.088192	-0.930423	0.334681	1.27445	0.881274	0.578347
	-1.525706	-0.745157	-0.783655	0.561325	1.039699	0.567901	0.885593
	-1.032613	-0.988545	-1.016016	0.144837	0.915153	0.752915	1.224269
	-1.157782	-0.3159	-0.562729	-0.502628	-0.165	0.96003	1.744009
	-1.278277	-0.700026	-1.131984	0.425674	0.946128	0.809829	0.928656
	-1.27069	-1.04667	-0.684883	0.112189	1.089805	0.895038	0.905211
	-0.707444	-1.262074	-0.946489	-0.077089	1.104966	0.91724	0.970891
	-1.335008	-0.869326	-0.804348	0.151316	1.137421	0.761683	0.958262
	-1.181509	-1.372132	-0.339554	0.294866	1.061613	1.09338	0.443337
	-1.445333	-1.004262	-0.489352	0.16504	0.946111	0.726518	1.101278
	-1.318608	-1.003253	-0.625818	0.05264	0.889001	0.832847	1.173192
	-1.215676	-1.02717	-0.753484	0.137931	1.275853	0.802687	0.779861
	-1.166433	-0.980913	-0.93894	0.264357	1.068504	0.723742	1.029683
	-1.063681	-1.00797	-0.925749	0.176183	1.042455	0.504793	1.27397
	-1.133136	-0.976979	-0.92846	0.114752	1.025709	0.820972	1.077141
	-1.034048	-1.042394	-1.033171	0.361637	0.912746	0.66385	1.171381
	-1.550214	-0.24512	-0.240663	-0.817816	0.808045	0.843311	1.202457
	-1.073111	-0.930066	-1.147811	0.473165	1.007285	0.70862	0.961919
	-1.062374	-0.831818	-1.120396	0.238116	1.092715	0.484169	1.199587
	-1.064439	-0.639048	-0.809817	-0.660589	1.023558	1.016992	1.133342
	-1.386798	-0.91493	-0.698854	0.221361	1.092921	0.635768	1.050532
	-1.044606	-1.055727	-1.018765	0.314787	0.895333	0.824977	1.084001
	-1.034345	-0.942859	-1.030063	0.19798	0.641242	0.784423	1.383622
	-0.842992	-0.997233	-0.824536	-0.432406	0.874196	0.800812	1.422159
	-0.984794	-1.167597	-0.972081	0.346681	1.066397	0.847651	0.863743
	-1.530822	-0.926552	-0.555652	0.47214	1.121864	0.732216	0.686805
	-1.040555	-0.972442	-1.08953	0.300204	0.979225	0.719608	1.10349
	-1.533529	-0.902235	-0.609912	0.435507	0.841565	0.898307	0.870297
	-0.975295	-1.211463	-0.885531	0.268303	1.019907	0.676023	1.108056
	-1.049287	-0.926146	-1.137886	0.403761	1.054376	0.60185	1.053333
	-1.200722	-1.095047	-0.87669	0.787732	1.015118	0.713563	0.656045
	-1.289396	-0.756528	-0.534997	-0.275095	1.052366	0.323391	1.480259
	-0.949929	-1.08332	-0.977247	0.049107	0.943847	0.8664	1.151144
	-0.995604	-1.217875	-0.65203	-0.111169	0.897269	0.793743	1.285665
	-0.965715	-1.026103	-1.017168	0.122072	0.96347	0.656041	1.267403
	-1.079838	-0.93694	-0.885484	-0.159226	0.898375	1.086734	1.076378
	-1.026489	-1.094139	-1.036283	0.608884	1.023414	0.544411	0.980203
	-1.03855	-1.414649	-0.513686	0.290268	1.152741	0.9646	0.559276
	-1.109024	-1.084689	-0.951013	0.899878	0.639868	0.500911	1.104068
	-1.108903	-0.812055	-1.108537	0.119454	0.813417	0.98421	1.112414
	-0.479719	-1.407044	-0.685772	-0.45568	0.818315	1.086207	1.123692
	-1.122657	-0.957908	-1.004699	0.23661	0.814317	0.906995	1.127341
	-0.829277	-1.038539	-0.772107	-0.052944	1.375465	-0.002776	1.320179
	-1.097341	-0.957081	-1.04127	0.285615	0.874856	0.772536	1.162685
	-1.267004	-0.963746	-0.840278	0.276812	1.154392	0.764839	0.874987
	-1.307236	-1.034927	-0.805669	0.673152	1.04179	0.662073	0.770817
	-1.715893	-0.292228	-0.651353	-0.015595	1.217483	0.753936	0.703651
	-1.608817	-0.916751	-0.251846	0.196744	1.153589	0.958586	0.468494
	-1.132818	-1.170351	-0.843482	0.615329	0.892963	0.576883	1.061476
	-1.203039	-1.013602	-0.805074	0.119624	1.156881	0.844329	0.900882
	-1.086897	-1.106806	-0.973604	0.499066	0.995876	0.779224	0.893142
	-0.644905	-1.040199	-1.281807	0.098088	1.039926	0.695871	1.133027
	-1.008235	-0.967437	-1.164953	0.536596	0.991457	0.562054	1.050517
	-1.582638	-1.033073	-0.254395	0.358987	1.133994	0.699776	0.677348
	-0.955467	-0.905053	-0.925583	-0.326265	0.876414	0.98203	1.253924
	-1.320333	-1.295581	-0.263637	0.508943	1.281844	0.461212	0.627553
	-0.98481	1.009571	1.564957	0.056663	-0.899625	-0.858388	0.111632
	-1.626661	0.193823	1.115954	0.750077	0.822886	-0.773692	-0.482387
	-1.490744	1.011647	-0.965277	-0.266534	1.086434	-0.121426	0.7459
	-2.025249	0.301747	-0.068474	1.019085	0.860943	0.053424	-0.141476
	-2.200597	0.236407	0.313511	0.436743	0.839497	0.050123	0.324317
	-1.982169	-0.42623	0.154282	0.76265	0.974514	0.575176	-0.058223
	-1.379962	1.648983	-0.139029	-0.395552	-0.677504	0.086127	0.856937
	-2.003473	-0.521944	0.162706	0.85412	0.866965	0.310621	0.331005
	-2.065858	-0.463176	0.179093	0.386015	0.80151	0.484785	0.67763
	-1.797689	-0.942804	0.092056	0.719483	0.721098	0.831814	0.376042
	-1.885908	1.235086	0.596661	0.084604	0.192277	-0.607836	0.385117
-	-1.755315	-0.782865	0.303773	0.315116	1.289266	-0.041177	0.671203
	-2.187819	0.617671	0.43454	0.238891	0.756904	0.110891	0.028922
	-1.838565	-0.728027	0.126765	0.693554	1.183056	0.412641	0.150575
	-2.250208	0.164087	0.401952	0.42942	0.48797	0.257727	0.509052
	-1.855135	-0.915436	0.612789	0.525996	0.858704	0.513168	0.259914
	-1.876381	-0.752431	0.195659	0.846738	0.932013	0.520881	0.133522
	-2.096896	-0.331344	0.39137	0.804482	0.74033	0.354953	0.137104
	-1.537077	-1.075818	-0.071501	0.954291	1.167917	0.426296	0.135893
	-1.92228	-0.013774	0.440511	0.756277	0.794233	0.645691	-0.700658
	-1.586758	-0.645826	0.072675	0.966896	1.179865	0.61187	-0.598723
	-1.732422	-0.017561	0.459081	1.224609	0.871434	-0.082834	-0.722306
	-1.666107	-0.181199	0.005246	1.09728	1.052534	0.491112	-0.798866
-	-1.757279	-0.840572	0.037734	0.973746	1.053708	0.223681	0.308982
	-1.498275	-1.091602	0.256937	0.994307	1.000086	0.644371	-0.305824
	-1.566074	-0.339129	0.20613	1.176663	0.872021	0.59456	-0.94417
	-1.794315	-0.212455	-0.000183	1.051994	1.16985	-0.451659	0.236767
	-2.128304	0.188922	1.028395	0.369246	0.455815	-0.077931	0.163857
	-2.110205	0.386167	-0.189366	0.674117	0.867595	0.392993	-0.021301
	-2.113527	0.374165	0.591445	-0.33951	0.808082	0.488301	0.191042
	-2.110007	0.044368	1.112104	0.297357	0.294638	-0.004349	0.36589
	-0.613241	-1.769353	0.867171	0.942038	0.892601	-0.103845	-0.215371
	-2.21537	0.346257	0.017187	0.439557	0.641372	0.198199	0.572797
	-1.083863	1.572963	1.139893	-0.911583	-0.21704	-0.405745	-0.094624
	-2.173841	0.601381	0.864546	0.174816	0.34102	0.093182	0.098895
	-1.422552	1.248889	1.262732	-0.688584	0.172611	-0.564008	-0.009088
	-1.753935	1.12486	1.145128	-0.342648	0.046674	-0.428849	0.20877
	-1.525859	-1.13385	-0.132333	1.206781	0.737044	0.49243	0.355787
	-1.58026	-0.785832	-0.250916	1.21929	1.124344	0.267271	0.006103
	-1.598279	-0.283056	0.158156	1.289124	1.176092	-0.471093	-0.270944
	-1.767809	-0.101847	-0.344855	0.12234	1.314837	0.980134	-0.202799
	-2.130596	0.594107	0.397506	0.140699	0.918695	0.243045	-0.163456
	-2.073857	-0.432211	0.274598	0.49614	0.931458	0.397977	0.405895
	-1.827724	-0.764888	0.038905	0.283484	1.171471	0.458489	0.640264
	-2.060208	0.894079	0.564219	0.516574	0.519977	-0.272725	-0.161915
	-1.181319	-1.071693	-0.039559	0.943728	1.227318	0.785358	-0.663833
	-1.795198	1.335381	0.57064	0.47522	0.253673	-0.533103	-0.306612
	-1.961525	-0.374788	-0.318217	0.404421	0.943546	0.612641	0.693922
	-1.757954	-0.734655	-0.145834	0.809029	1.195663	0.495278	0.138473
	-1.835726	0.40766	0.433204	0.634152	1.127392	-0.77653	0.009848
	-2.113204	0.052584	0.225087	0.540505	1.079539	0.117009	0.09848
	-2.037171	-0.294819	0.277087	0.042246	1.115437	0.586003	0.311217
	-1.707012	-1.025185	0.009181	0.64021	0.879644	0.854147	0.349016
	-1.887444	-0.65525	0.031766	1.078942	0.796025	0.257994	0.377967
	-1.793829	1.151458	0.927226	0.300245	0.301387	-0.549697	-0.336789
	-1.743838	0.184519	-0.309534	0.692922	1.337372	0.442458	-0.6039
	-2.183872	-0.019474	0.166332	0.339418	0.842785	0.504271	0.350541
	-2.026791	-0.132135	-0.299464	0.276399	0.930911	0.797859	0.453221
	-1.846621	-0.071625	0.089712	1.070773	1.072988	0.180967	-0.496194
	-2.075282	0.123196	0.54566	0.626528	0.680157	0.55985	-0.46011
	-1.928765	0.641894	0.579246	0.95218	0.518373	-0.199904	-0.563023
	-1.880172	-0.671766	0.540779	0.733856	0.938984	0.518284	-0.179964
	-1.598574	-0.309296	0.225853	-0.10904	1.386149	-0.598362	1.00327
	-2.021285	-0.484304	0.418759	0.668256	0.939496	0.413492	0.065587
	1.711929	-0.609136	-0.203755	-0.962962	-0.908706	0.950368	0.022263
	1.814482	-0.329531	-0.479178	-0.877028	-0.915963	-0.081485	0.868704
	1.995945	-0.37514	-0.263752	-1.095295	-0.681037	0.044522	0.374759
	2.075432	-0.508886	-0.193927	-0.262321	-1.023247	-0.415262	0.32821
	1.830232	-0.621646	-0.313252	-0.962763	-0.756806	0.008179	0.816056
	1.000527	-0.651796	-0.246811	-0.74065	-1.343507	0.678879	1.303358
	1.889806	-0.902302	-0.229062	-0.355689	-1.005291	-0.04756	0.650098
	2.081437	-0.221207	-0.250336	-0.344875	-1.097694	-0.413926	0.246601
	2.12104	-0.444278	-0.238966	-0.230892	-0.845731	-0.634958	0.273784
	1.873372	-0.450565	-0.756511	-0.606936	-0.878917	0.064482	0.755074
	1.625985	-1.319888	-0.145743	-0.44816	-0.805913	0.278185	0.815534
	1.658976	-1.219745	-0.296841	-0.528908	-0.733013	0.221995	0.897537
	1.3834	-1.298145	-0.093791	-0.743498	-0.709301	0.364215	1.097121
	1.831409	-0.886584	-0.318993	-0.519516	-0.928642	0.031839	0.790486
	1.70944	-0.033729	-0.044049	-0.871613	-1.309468	-0.199312	0.748731
-	1.493803	-1.208639	-0.145222	-0.837067	-0.652044	0.320547	1.028622
	1.719409	-1.203408	-0.337841	-0.472911	-0.686029	0.099198	0.881582
	1.756543	-0.186652	-0.388592	-1.057181	-0.961238	0.008242	0.828877
	1.676578	-0.778237	-0.180951	-0.906952	-0.852166	0.041622	1.000105
	1.683007	-0.63339	-0.45588	-0.985095	-0.740919	0.120001	1.012277
	1.826925	-0.170891	-0.542784	-0.949404	-0.867608	-0.115439	0.819201
	1.658221	-0.35149	-0.314359	-0.842304	-1.131828	-0.03614	1.017899
	1.557545	-0.684776	-0.243606	-1.057597	-0.846063	0.190433	1.084063
	1.64743	-0.154186	-0.770232	-0.817472	-1.021033	0.14786	0.967632
	1.417264	-1.056433	-0.237112	-0.722773	-0.887205	0.293087	1.193172
	-0.04003	-0.903922	-0.368972	-0.509306	-0.457488	0.145391	2.134328
	1.728231	-0.239718	-0.43993	-1.011547	-0.942073	-0.017557	0.922594
	1.761239	-0.73705	-0.281204	-0.752023	-0.914724	-0.010768	0.934529
	1.622105	-1.161348	-0.301796	-0.754518	-0.597749	0.215617	0.977689
	1.63177	-0.885469	-0.28356	-1.007834	-0.652511	0.202421	0.995183
	1.78009	-0.228678	-0.635468	-0.801281	-0.918097	-0.130945	0.93438
	1.791825	-0.211396	-0.494462	-1.068354	-0.801534	-0.0603	0.844221
	1.69468	0.590075	-1.056395	-0.646292	-1.040778	0.059378	0.399332
	1.663855	-1.149916	-0.379514	-0.359441	-0.741816	-0.072631	1.039463
	1.680916	-1.081075	-0.389021	-0.36996	-0.774127	-0.117672	1.050938
	1.768775	0.255989	-0.12305	-0.638029	-1.017888	-0.934495	0.688699
	1.900968	-0.185251	-0.406529	-0.785857	-1.037947	-0.166612	0.681229
	1.804554	-0.21459	-0.432023	-0.84394	-1.093697	0.003505	0.776191
	1.854951	-0.488965	0.369555	-0.649392	-0.994208	-0.666097	0.574156
	1.707158	0.328959	-1.087507	-1.119135	-0.177386	-0.30053	0.648442
	1.268394	-0.790348	-0.648566	-1.127872	-0.25541	0.143891	1.409912
	1.641264	-0.457729	-0.873378	-0.998723	-0.513139	0.181841	1.019863
	1.589811	-0.536374	-0.336508	-0.953383	-0.892079	-0.039898	1.168431
	1.618991	-0.91635	0.03193	-0.803768	-0.84988	-0.151797	1.070873
	1.663935	-0.297801	-0.408794	-0.968102	-0.901401	-0.180219	1.092382
	1.542858	-1.224788	-0.004573	-0.943766	-0.542101	0.234282	0.938087
	1.694528	-1.107356	-0.93209	-0.723863	0.084816	0.587586	0.39638
	1.718929	-0.588292	-0.416952	-0.680146	-1.010026	-0.043654	1.020142
	1.189562	-1.492408	-0.227463	-1.082206	0.204898	0.477894	0.929724
	1.204811	0.611046	0.33041	-1.698188	-0.862537	-0.212402	0.626861
	1.610839	-1.245213	-0.51474	-0.633281	-0.417077	0.215471	0.984002
	1.785291	-0.645912	-0.549338	-0.726689	-0.885638	0.151424	0.870863
	1.727043	-1.015684	-0.360159	-0.606119	-0.739519	0.024318	0.970121
	1.785774	-1.117948	-0.926482	-0.280319	-0.321569	0.15588	0.704664
	2.191719	-0.545087	-0.588482	-0.367676	-0.620282	-0.158664	0.088471
	1.582112	-0.563082	-0.465954	-0.939167	-0.867007	0.105067	1.148031
	1.565906	-0.995565	-0.526355	-0.705423	-0.811826	0.599147	0.874115
	1.725535	-0.041491	-0.915184	-0.938438	-0.702795	-0.026492	0.898865
	1.763952	-0.675352	-0.418792	-0.843389	-0.818655	0.058386	0.93385
	1.47357	-0.980588	0.187547	-0.775976	-1.067287	0.126038	1.036696
	1.543327	-1.09	-0.374713	-0.780946	-0.671057	0.308319	1.065071
	1.85523	-0.550056	-0.264951	-1.042622	-0.729874	-0.019525	0.751798
	1.785611	-0.406223	-0.895333	-0.585125	-0.81687	0.003997	0.913943
	1.552631	-0.019515	-0.39212	-1.218152	-0.896972	-0.092712	1.06684
